1.51458004e-01 6.02422396e-01 7.13645959e-01 6.69307628e-02
 1.05922963e+00 9.77217512e-01 1.06499724e+00 5.66271672e-01
 2.08554173e-01 1.43858830e+00 8.09176866e-01 3.12523916e+00
 3.50941583e-01 6.37282095e-01 7.76244827e-02 6.82538640e-01
 6.34483169e-02 1.96428716e-01 9.15379499e-02 1.97667506e+00
 2.14068559e-02 2.01876334e+00 1.19725486e+00 2.23275971e-01
 5.92016295e-01 1.04021074e+00 6.55204856e-01 5.57030220e+00
 8.71050983e-01 5.43838090e-02 2.16803730e-01 5.62887100e-02
 7.56539173e-01 1.09148072e+00 2.47525238e-01 3.56482855e-01
 1.41305319e+00 4.49746131e-01 1.49336853e+00 1.00765313e+00
 1.29006916e+00 8.45518422e-02 4.55111989e-02 2.82474756e+00
 4.26502709e+00 1.25863759e+00 3.62226616e-01 2.11160080e+00
 7.59539113e-01 1.95101422e+00 3.91624818e-01 1.27337951e+00
 7.87596476e-01 1.68563049e+00 9.89059204e-01 2.69137558e+00
 8.65835230e-01 8.66394717e-01 1.35190402e-01 4.74988443e+00
 9.44099643e-02 1.86246581e-01 1.07934156e+00 3.34187845e-01
 5.14745042e-01 4.29923624e+00 1.98913760e-01 5.55106861e+00
 5.77130806e-01 1.45691626e+00 1.89051194e+00 6.85804011e-02
 5.85163417e-02 7.23585227e-01 9.72752674e-01 2.45807619e-01
 1.39825776e+00 1.42475636e+00 7.02662048e-01 9.50528256e-01
 1.37858720e-01 2.66690188e+00 2.10319367e+00 7.27661300e-01
 2.65935098e+00 5.15366731e-01 4.20035578e+00 6.56476900e-01
 1.50411664e+00 4.49124531e-01 1.37164163e+00 1.32242491e+00
 1.24401745e-01 1.45398782e+00 7.48675249e-01 3.60454751e-01
 5.90938632e-02 3.30172990e-01 2.42701293e+00 1.64021941e-01
 8.85610609e-01 1.38636624e+00 5.52709308e-02 4.17772504e-02
 9.75173685e-01 4.90056413e-01 2.38336320e+00 7.99846398e-01
 1.52484719e-01 1.75135641e-01 3.45215405e-01 2.61728168e-01
 8.52128807e-01 3.87387825e-01 6.23995815e-01 1.72947569e+00
 3.14214327e+00 1.14107379e+00 6.03834236e-02 3.22222378e-01
 3.67675538e-01 7.71787246e-01 2.46992618e+00 2.92300934e-01
 6.63650925e-01 4.35696581e-01 1.52517362e+00 2.29870852e+00
 6.27838096e-01 2.25365463e-01 1.49620510e+00 6.01585066e-01
 5.99931680e-01 1.51137417e+00 6.64642837e-01 2.05353159e-01
 7.80688641e-02 7.59111675e-01 1.73144597e-01 1.19093314e+00
 9.11092888e-01 6.27385871e-01 7.17371938e-01 4.75685857e-01
 3.63751121e-02 4.01594456e+00 1.43085861e-01 2.88083129e+00
 3.02833869e-01 3.42450604e-02 1.22933163e-01 7.11011002e-02
 1.98864641e+00 3.57361534e-01 2.48072551e-01 7.00943400e-01
 1.61355987e+00 8.41022975e-02 1.45339302e+00 1.93257636e+00
 7.29422826e-01 8.51936837e-01 3.94704074e-01 2.85211365e+00
 1.12987488e+00 2.31826490e-01 3.52368176e-01 8.88157063e-01
 5.34064626e-01 1.03278385e+00 2.45833667e-01 2.74611937e-01
 3.79734182e-01 9.38188716e-01 5.33238937e-01 3.05969816e+00
 1.55081817e+00 1.79532958e+00 1.30426741e+00 3.80589107e-01
 3.13905891e+00 2.20716423e+00 3.75115508e-01 1.55190467e+00
 1.05391829e+00 2.32228643e+00 2.07851362e+00 4.74139917e-01
 4.36507902e-01 2.38458546e-01 1.66253806e+00 1.34230922e-01
 1.93787147e+00 3.54420260e+00 1.24305362e+00 3.43534812e-01
 1.80389503e+00 1.63410721e+00 2.10032792e-01 2.54517945e-01
 2.69565205e-02 8.75125436e-01 2.77355519e-01 1.45420633e+00
 2.46593613e+00 1.17867156e-02 9.72195875e-02 2.03451429e+00
 2.41929597e+00 6.13751503e-01 1.44547183e-01 1.10423351e+00
 1.81315743e+00 1.46961472e+00 6.69339821e-01 3.53035818e-01
 3.60774630e-02 7.22197165e-01 1.30908521e+00 2.17581313e-01
 2.25174187e-01 1.24870507e-01 5.13509248e-01 5.32959390e-01
 1.39715914e+00 3.36809798e-01 1.85578444e+00 1.25735944e-01
 3.42214005e+00 9.43778178e-01 7.04755918e-01 1.29003011e+00
 1.10435564e+00 1.50925262e+00 5.42970800e-01 4.86822262e-01
 6.08758449e-01 4.52799592e-01 3.88343775e-01 6.95019268e-01
 4.08437736e-02 7.02568045e-01 6.08133526e-01 6.50065757e-01
 4.05580092e-02 8.02318255e-02 1.23270875e-01 3.25683355e-01
 1.04280527e-01 3.29233047e+00 3.21982052e-01 1.10363646e+00
 3.14607491e-01 1.65600207e+00 4.41762199e-01 1.83197906e+00
 5.07501635e-01 4.42383720e-01 6.47676817e-02 1.57504289e-01
 9.09128451e-01 4.90646025e-01 1.60080314e+00 1.44814026e+00
 9.81380473e-01 4.89206882e+00 1.62311204e+00 5.41815984e-01
 3.44182890e-01 8.29835791e-01 9.19003447e-01 2.66282188e+00
 1.40461017e-02 1.97771204e-01 4.29338872e+00 1.08764779e+00
 1.04765920e+00 2.55397304e+00 3.81488230e-01 1.33484703e+00
 8.34703268e-01 1.13770569e+00 6.85626833e-01 9.31874118e-01
 5.24823891e-01 2.24837768e+00 8.29728168e-02 1.97502512e+00
 1.30527537e+00 4.38103514e-01 1.17979317e-01 1.80651476e+00
 7.55829298e-02 1.49658926e+00 1.07291652e+00 1.85438163e+00
 9.06477455e-01 1.28038205e+00 3.51788131e+00 1.30968547e+00
 1.19549756e+00 1.67952709e+00 5.69815359e-01 7.40079448e-01
 5.60641252e-01 5.98341442e-02 1.37669865e+00 1.35293700e+00
 1.57063297e-01 1.63684116e-01 1.36563486e+00 3.41877587e+00
 8.73743748e-01 8.64798052e-02 1.95839867e+00 1.24221228e+00
 1.65964163e+00 6.33792273e-01 1.14849110e+00 1.94943221e+00
 4.58875018e-01 3.63055067e+00 5.81363720e-03 2.87549760e+00
 1.30175046e-01 5.06186993e-02 1.17443866e+00 3.98337280e-01
 3.05612762e-01 3.94743322e+00 1.45119964e+00 4.45859059e-01
 9.07719019e-01 5.97931987e-01 1.65695263e+00 9.43352433e-01
 1.93485736e-01 1.02232107e+00 5.87822086e-01 2.10953191e-01
 3.01903188e+00 7.65636009e-02 1.03676901e+00 1.27790544e-01
 2.87778584e-01 1.09291798e+00 8.18405638e-01 1.71173494e-01
 1.69037948e+00 2.95315021e+00 5.56506658e-01 6.31843422e-01
 3.77872249e-01 5.22215998e-01 1.00083778e-01 3.31731027e-01
 2.88452562e-01 1.01576024e+00 1.09621893e+00 1.10376658e+00
 6.88758498e-01 1.80031234e+00 6.38657341e-02 1.05164532e+00
 4.70823594e-01 2.87842149e+00 1.66599283e-01 3.32201290e-01
 1.65863154e+00 6.18308439e-01 1.97061235e-01 2.25279144e-01
 3.73585016e-01 1.30487644e-01 2.23805814e+00 4.03040316e-01
 3.46220254e+00 1.47369575e-02 2.26289511e+00 2.97211421e-01
 1.68845848e-01 1.72924897e-01 6.63191781e-01 1.69515763e+00
 3.11911087e-01 1.50309347e-01 1.24382129e-01 1.43983991e+00
 2.84699900e+00 2.96367802e-01 1.46736842e-01 5.62430018e-03
 8.05790609e-01 1.29774417e-01 3.42629272e-01 2.10573997e+00
 1.67229745e-01 3.95775818e-01 1.78439721e-01 1.10975923e+00
 5.81575332e-01 1.35561599e-01 2.23253435e-01 3.54995612e-01
 2.02670367e-01 7.47887165e-01 3.53383015e+00 4.08660926e-01
 1.36190493e+00 1.38604714e+00 4.93580741e-01 2.59811125e-02
 7.23992151e-01 6.84615808e-03 1.79221305e+00 1.35406138e+00
 8.60998438e-01 5.57277717e-01 2.06596149e-01 4.40637231e-01
 3.20130087e-01 1.25057461e+00 8.35520242e-01 1.04755118e+00
 4.32109642e-01 4.17352253e-01 2.42099189e-01 3.68944902e-01
 1.82810620e+00 3.50849406e-01 8.49078326e-01 4.54651856e-01
 3.29901935e-01 9.25393695e-01 4.86392390e-01 3.33148089e-01
 1.63280179e+00 2.34744081e-01 1.75358149e+00 9.41225534e-01
 4.45392892e+00 1.11702624e+00 8.17534130e-01 1.52274686e+00
 1.63869804e-01 2.96851159e-01 1.56933829e+00 2.70662237e-03
 7.59764340e-01 4.77860252e-01 6.64579149e-02 4.82826204e-01
 1.23268454e+00 1.41871072e+00 3.30894254e-01 1.40724040e-01
 2.50229879e+00 8.58879834e-02 2.84256286e+00 1.95252854e+00
 3.59456748e-01 2.40791370e-01 7.81754266e-02 1.14471569e+00
 1.21711427e+00 9.58202556e-01 3.95994236e-01 3.55007842e-01
 1.87548292e-01 5.47135333e+00 1.48145715e+00 1.16769835e+00
 3.99699706e-01 2.37169525e+00 2.49228757e-01 1.70322162e+00
 3.83180829e+00 3.06035988e+00 1.00045565e+00 1.84847019e+00
 1.53457321e+00 7.73520213e-01 2.32874243e+00 7.81221519e-01
 2.61838059e-01 2.76050554e-01 3.70465215e-02 2.92949248e-01
 1.13495059e-01 3.62411165e+00 2.28750555e+00 1.48220117e+00
 1.37668257e-01 1.02663320e+00 5.73605362e-02 5.48322363e-01
 7.75891874e-01 1.37497676e+00 1.98161055e-01 1.84838300e+00
 8.14370756e-01 8.77491029e-01 1.55045753e-01 7.44624110e-02
 9.25114138e-01 9.65505301e-02 5.50014737e-01 1.20541191e+00
 4.01900668e+00 4.82118103e+00 4.08986611e-01 8.56990134e-01
 2.38609785e-01 1.01974696e+00 5.36219326e-01 2.76730031e+00
 4.48818203e-01 1.33027443e+00 1.69113900e-01 1.52652231e+00
 4.87947683e-02 7.95234887e-01 9.24708555e-01 5.64126969e-01
 4.07324377e+00 4.45912344e-02 1.53727826e+00 8.60328622e-01
 6.11919227e-01 9.44358963e-02 1.15745459e-01 7.09996988e-01
 8.89065270e-01 1.86649530e+00 3.95097852e-02 3.32809999e+00
 4.64225445e-02 3.82334114e-01 5.80742831e-02 8.24715056e-01
 4.96661780e-01 1.32011252e+00 1.05136602e+00 1.82225664e+00
 1.12037692e+00 2.44859547e+00 1.58075008e-01 3.33976596e-01
 2.60811983e-01 6.34311655e-02 2.61200015e-01 4.26454805e+00
 6.08234168e-01 4.72072426e-01 4.45971059e+00 1.21448691e+00
 5.65782446e-01 4.34144895e-01 6.72735046e-01 6.43805821e-01
 4.02360660e-01 3.09058663e+00 6.80216849e-02 4.20890436e+00
 2.54258768e-01 2.28489278e+00 2.15090876e-02 1.75253796e+00
 5.68679962e-01 9.36465885e-01 1.68170093e+00 7.79782075e-01
 5.01897915e-01 1.54228228e+00 7.41404600e-03 1.60160904e-01
 4.30144425e-01 8.68784139e-01 9.99801980e-01 1.83866961e+00
 2.90181408e+00 2.15678467e-01 8.61906686e-01 3.57224291e-01
 1.06081250e+00 1.08264358e+00 8.91836932e-02 2.82608463e+00
 7.16975559e-01 4.68987778e-01 2.30278231e-01 1.20444313e+00
 5.36210034e-02 3.01254819e-01 1.09459721e+00 7.22032490e-01
 2.08427156e-01 2.75072035e+00 1.98081273e+00 8.99645246e-01
 1.36725269e-01 2.23723780e-01 3.20287385e-01 3.89052497e-01
 1.89280169e+00 4.81187718e-01 1.10450203e+00 1.00123851e+00
 1.16906165e-02 7.12812514e-01 3.80861975e-02 7.97929873e-01
 5.15346876e-01 1.97516635e+00 1.30712463e-01 1.12816959e+00
 3.20925222e-01 3.87466551e-01 5.35328581e+00 1.13818886e+00
 1.57818163e+00 1.97614286e+00 4.20685851e-01 1.49962433e+00
 1.47358651e+00 1.02668679e+00 6.05722925e-01 4.75961058e+00
 5.52449456e-01 6.50610653e-01 5.67714517e-01 3.79491512e-01
 2.47746502e-01 5.39155957e-02 1.24561291e+00 2.16401008e-01
 1.57582135e+00 4.65412795e-01 1.57185888e+00 6.17075119e-01
 3.90891614e+00 9.13274348e-01 3.40633907e-01 5.12398053e-01
 2.55358310e+00 4.93042067e-01 3.08668709e-01 2.30047657e-01
 1.21850394e+00 2.20012612e+00 1.30673927e+00 1.32374640e+00
 2.24815548e-02 2.72249648e-01 1.16888919e-01 4.66351470e-01
 2.38810691e-02 7.63718382e-01 2.05797080e-02 3.65184188e-01
 1.81590032e+00 3.56687858e-01 7.53074259e+00 2.55036709e+00
 1.62029024e+00 2.45686306e-01 1.75805398e+00 1.09775378e+00
 4.76060973e-01 2.48780432e+00 5.61460978e-01 2.42974727e-01
 5.02757267e-01 9.69956319e-02 7.02080454e-01 4.13977676e-03
 3.19484471e-01 6.37764199e-01 2.87607788e+00 4.72853334e-01
 1.70356480e+00 2.35024479e-01 2.05570118e+00 6.50153723e-01
 2.14103257e-02 1.73135160e+00 1.30755457e+00 2.16125544e+00
 4.88049427e-01 8.01418355e-01 6.03567414e-01 2.72082877e-01
 9.35347779e-02 2.33978528e+00 2.35670784e-01 8.59121556e-01
 5.89970628e-01 1.59236784e-02 1.47458021e+00 6.34607643e-01
 2.56061287e-01 1.42704749e+00 9.98173020e-01 1.69199906e-01
 1.46943070e+00 3.35382382e-01 1.98225807e+00 1.32525459e-01
 3.48415527e-01 3.58612646e-01 2.00055059e+00 5.63720189e-01
 2.26297811e-01 2.84021485e-02 1.47580308e+00 1.78080426e-02
 1.24842713e-01 1.36296017e+00 1.75686245e+00 1.61074371e+00
 3.53116680e-03 3.48033401e-01 5.62206675e-01 1.74851022e+00
 9.82969646e-01 3.62902498e-01 5.78098220e-01 3.83955733e+00
 4.62289453e-01 1.87645253e+00 1.53573953e+00 8.62876785e-01
 7.74891797e-02 7.02155879e-02 8.67423633e-01 1.27551930e+00
 4.95761827e-01 8.55648117e-02 1.06813162e+00 1.29448836e+00
 1.30289041e+00 1.77741271e+00 8.95398138e-01 4.39725355e-01
 4.27260844e-01 6.22615691e-01 9.60005085e-01 1.96610942e+00
 1.07362933e+00 9.60849504e-01 2.17258824e-01 1.44507546e+00
 4.03819295e-01 3.27378503e+00 1.80756312e+00 1.43951807e+00
 3.11178247e-01 3.45478839e-01 4.56254348e-01 7.00181389e-01
 2.03126288e-01 1.38408084e-02 2.31355041e+00 3.42354980e-02
 6.69921774e-01 7.35359444e-01 2.17401624e-01 3.62799036e-01
 6.94898606e-01 6.37200417e-01 7.88331937e-03 1.91778141e+00
 2.85974647e+00 1.86825423e+00 7.75894755e-01 5.62792528e-01
 2.85718314e-01 2.17841043e-01 5.21517095e-01 1.75254984e+00
 1.17987291e+00 1.37776679e-01 4.43679107e-01 1.43152780e-01
 1.67533825e-01 1.77653990e+00 2.49734536e-01 7.91077159e-02
 2.32160724e+00 3.81654909e-01 1.59819120e+00 1.28114747e+00
 1.85797709e+00 2.11409245e-01 3.21428192e-01 6.75870196e-01
 3.99811330e+00 5.47701693e-01 2.74191685e-01 1.15255834e-01
 2.15699970e+00 8.11428651e-01 1.36044536e+00 7.89748797e-02
 2.53033084e-01 1.51406294e+00 8.29205005e-01 3.17631465e-01
 5.90692712e-01 3.27391921e+00 3.55507558e-02 2.23645390e-01
 5.66692149e-01 8.86644840e-02 9.97232632e-01 8.12974329e-01
 1.80652864e-01 1.41774143e+00 2.80168746e-03 8.64328556e-01
 1.38947241e+00 4.17669794e-03 1.14214990e+00 1.79630383e-01
 1.97511738e-01 1.81370673e+00 3.36280133e+00 7.74184143e-01
 4.44767062e-01 5.83599261e-01 4.54499117e-01 2.87630696e-01
 1.77466004e+00 5.35799555e-01 7.19887292e-02 4.03458869e-01
 7.72438874e-01 7.33616292e-01 3.50545111e-02 5.58359547e-01
 6.89229993e-02 2.28272347e-01 3.25655160e-01 6.80696744e-01
 4.47678983e-01 2.90792230e+00 3.20548080e-01 1.23194084e+00
 1.54259902e-01 3.10954877e-01 3.49766452e-01 1.01052075e+00
 3.34733999e-01 7.05050302e-01 4.68877269e-01 1.50317608e+00
 1.05004588e+00 1.49410705e-01 9.66200685e-01 1.82363883e+00
 7.86439444e-01 6.24710451e-02 4.59953678e-02 3.01838001e-01
 3.46790219e-01 1.41735341e+00 1.42120634e+00 4.15672163e+00
 1.14217134e+00 4.63847012e-01 1.87708544e-01 3.97176698e-01
 3.22482697e-01 1.49737596e-01 9.80476301e-01 4.37525290e-01
 9.81202097e-02 1.58420472e-01 4.08737754e+00 1.18117238e+00
 5.24104540e+00 9.79511741e-01 1.62685753e-01 9.12506427e-01
 5.01590836e+00 1.70838507e+00 1.32341837e+00 1.28861811e-01
 2.94634340e+00 3.32410507e+00 1.61271358e+00 2.58060549e+00
 1.25482319e-01 5.01733369e-01 1.32801978e+00 2.78726649e+00
 1.28830737e+00 7.60103679e-01 4.02835135e-01 2.92835208e-01
 5.64561102e-02 2.10937525e-01 1.42859257e-01 2.82717792e-02
 2.13035489e-01 5.40942068e-01 2.74456833e+00 5.50833106e-01
 3.26460913e-02 2.76616135e-01 7.75936336e-01 4.07770506e-01
 9.75581341e-01 2.26759582e+00 1.26722553e+00 8.61737906e-01
 1.21597404e+00 6.55818891e-01 1.14586514e+00 5.02254552e-01
 1.09217096e-01 1.70634377e+00 4.62597002e-02 7.25065081e-01
 1.32718893e+00 1.19960289e+00 2.13981075e+00 7.15544726e-01
 2.54115911e-01 1.54051542e+00 8.92935606e-01 2.65500843e-01
 4.88689887e-01 7.90716049e-01 1.29448548e+00 1.37060549e+00
 1.52523430e-01 3.27083908e-01 4.22186813e-01 6.68391121e-01
 1.38394665e-03 3.06138938e+00 1.83679723e-01 3.54923153e+00
 1.07980743e+00 1.64364136e+00 2.17210664e+00 1.11807092e-01
 8.09947667e-02 1.81197175e-01 1.66952506e+00 1.13147140e+00
 9.76387408e-01 1.35532506e+00 7.60785410e-01 2.38409034e+00
 1.89039250e+00 1.74615000e+00 5.72320643e-01 1.60488756e+00
 5.13454465e-01 4.82816191e-01 1.33252650e-01 5.73309064e-01
 2.17710701e-01 5.63109367e-01 3.65109226e+00 1.30583445e+00
 1.77579075e+00 1.55231338e+00 3.59710820e-02 3.52290945e-01
 3.93408937e-02 6.74115080e-01 1.72621786e-01 3.32401307e-01
 9.97619239e-01 2.17691330e+00 1.23454455e-01 4.67631707e-01
 1.90225753e+00 1.08924348e-01 1.00456693e+00 1.37042578e+00
 5.41507731e-01 1.82805614e+00 1.67886725e+00 7.20273412e-01
 7.23672707e-01 1.46292043e+00 4.82963499e-01 5.15793047e-01
 3.74182034e-01 2.55091995e+00 9.40653983e-01 2.05294165e-01
 5.72852852e-02 2.26260656e+00 1.45816052e+00 2.03192010e+00