4.03668898e+00 1.51875721e+00 1.82817430e-01 1.40923732e-01
 4.31116309e+00 5.19890274e+00 2.83422066e+00 4.65275626e+00
 4.81934352e+00 2.22093274e+00 1.74313559e+00 1.12806735e+01
 5.77169940e-01 5.73894650e+00 1.36676898e+00 1.24567093e-01
 1.56042064e-01 1.02944091e+00 7.96254898e+00 1.33413560e+00
 2.06205404e+01 6.00650351e-01 6.99161828e+00 1.60016093e+00
 2.16251539e-01 2.96338177e+00 4.53124528e-01 7.48326950e+00
 6.33916709e+00 4.15962956e-01 3.93330753e+00 1.61602464e-01
 2.42208361e+00 4.49195519e+00 5.64965921e+00 4.13285258e+00
 3.60418394e+00 1.57687097e-01 4.81512248e-01 1.88679714e+00
 9.30714963e-01 3.73044659e-02 1.07313448e+00 8.31697940e+00
 5.84899218e+00 3.08089004e-01 1.70096496e+00 3.83747609e+00
 3.15513650e+00 5.81231082e-02 3.38377239e+00 4.09964649e+00
 1.77813967e+00 7.70967638e-01 4.47676658e+00 5.25461051e+00
 3.82162884e-01 4.37677934e+00 8.37278923e+00 3.11140113e+00
 7.60480858e+00 7.57968805e+00 1.40796671e+01 9.76395728e+00
 1.50724448e+00 9.74087783e+00 5.87304483e-01 5.72038985e+00
 1.66287770e+00 4.19106022e+00 1.71766294e+00 3.81055014e-01
 1.27706531e+00 4.23764304e-02 3.51473675e-01 3.91479823e+00
 2.68744981e+00 3.37764436e+00 5.68780457e+00 5.82061809e+00
 2.62502061e+00 4.20553740e+00 1.36056325e+01 4.99041809e+00
 1.70107930e+00 5.13423919e+00 1.20921105e+00 2.12439048e+01
 2.17550628e+00 5.40558160e+00 3.04142523e+00 5.06831426e+00
 1.67073358e+00 2.98401087e+00 3.86674845e+00 7.50078136e+00
 7.91511523e-01 5.10554713e-01 5.10244702e+00 7.91984629e+00
 4.48581214e+00 1.88907980e+00 6.18366048e+00 2.68899962e-01
 1.58752004e-02 1.29247474e+00 6.94634826e+00 4.44530018e+00
 2.92607065e+00 6.99529616e-01 1.55649468e+00 2.75545884e+00
 1.52272797e-01 3.51731246e+00 8.97155622e-01 6.40884248e+00
 1.31481117e+00 8.48958904e+00 1.21908057e+00 6.44999777e+00
 4.03221358e+00 3.11494769e+00 4.05075248e+00 1.74941706e+01
 4.23782240e-01 1.13860063e+01 1.98161553e+00 2.72407635e+00
 1.07894813e+01 2.19575274e+00 2.53205327e+00 4.97750191e-01
 6.93816442e+00 2.01495334e+00 2.49737531e+00 5.27696805e-01
 4.35124569e+00 1.52576671e+01 2.41538992e+01 1.80881206e+00
 7.69654190e-01 1.34483467e+00 5.96852676e+00 1.19850548e+01
 2.58903107e+00 1.55066445e+00 1.05096826e+01 1.34844761e+00
 2.16136447e+00 7.38929751e+00 6.90957710e-02 4.83642030e-01
 2.09904239e+00 2.22606171e+00 6.80256090e-03 1.26440554e+00
 1.65511901e+00 1.87057287e+00 5.52772777e-02 5.01457067e+00
 3.95847480e-01 9.29219636e+00 2.01669948e+00 5.77344444e+00
 4.96023711e-01 1.92358204e+00 4.94806065e+00 6.63441071e+00
 3.52111427e+00 5.31104838e-01 1.79646673e+01 5.01183871e+00
 2.96120868e+00 4.34858858e+00 1.59862431e+00 1.91982530e+00
 3.09254490e+00 1.59261798e+00 9.11458916e-01 4.13914427e+00
 1.12301443e+00 1.34397763e+00 7.34410862e-01 3.85958047e+00
 4.71581942e+00 2.58886703e+00 3.42620429e-01 2.48410649e+00
 4.64985329e+00 6.66971473e+00 2.69986692e+00 8.63803605e+00
 1.58805987e+00 7.68342884e+00 2.28284190e+01 1.04438021e+01
 3.75660569e+00 6.27156975e+00 2.82911097e+00 1.86854936e+00
 4.99253694e+00 1.55234070e+00 1.52803971e+00 1.27279516e+00
 3.87782010e+00 8.02135051e+00 1.17910956e+00 2.68241487e+00
 3.03346857e-01 2.36913067e+00 1.21713456e+00 9.51747072e+00
 9.03653095e+00 8.21263508e+00 3.11592994e-01 2.74765999e+00
 9.26606060e+00 6.09572732e+00 1.18053648e+01 8.01660526e+00
 2.52490460e+00 7.38046088e+00 4.71915376e+00 2.96087060e+00
 4.26584710e+00 5.07377495e-01 1.35155015e+00 8.42568583e+00
 9.90004946e-02 1.10636389e+00 1.78654414e+00 4.52088729e+00
 6.02853260e-01 5.93638011e-01 1.10867409e+00 7.12405648e+00
 2.14801638e-01 1.23835729e+00 1.61496495e+01 1.97576704e+00
 6.78145967e-01 7.66638396e-01 1.33673443e+00 2.92939270e+00
 7.27710528e-01 1.63172097e+00 8.89097527e+00 4.03514790e+00
 2.34581933e+00 2.21412189e+00 7.42630933e+00 5.10251555e+00
 2.49259182e+00 5.87512018e+00 8.67057407e-01 6.00138380e+00
 2.15303917e+00 1.94924395e+00 2.41177526e+00 1.16366444e+01
 1.28615436e-01 5.31750538e+00 2.78440483e-01 2.51661331e+00
 7.77354242e-01 5.54618901e+00 4.09228988e+00 5.17835306e+00
 5.53690161e-01 9.57888976e+00 2.29630880e+01 1.19518872e+00
 7.67891599e+00 2.69756524e+00 2.95312210e+00 1.31117711e+01
 3.05984831e+00 1.14960273e-01 4.59465560e+00 1.03501872e+01
 1.57471892e+00 1.45522622e+01 1.58179426e+01 4.96316783e+00
 8.96415354e-01 6.40225178e+00 1.68431211e+00 5.70622565e+00
 3.79465210e+00 8.83717529e+00 4.92923638e+00 5.50637168e+00
 2.17373139e+00 2.07081208e+00 6.77184984e+00 2.46876800e+00
 6.46350909e-01 2.26040065e+00 6.00880393e+00 8.19223313e-01
 9.94215877e-01 3.35289899e+00 6.89372921e-01 2.95335153e-01
 3.52278386e+00 6.76609894e+00 1.14162065e+00 8.10221432e+00
 2.53815587e+00 1.48133390e+00 7.47642084e+00 1.56863643e-01
 1.70497298e+00 1.82602793e+00 2.63644098e+00 1.31392780e+00
 6.45086694e+00 2.62666571e+00 1.04486924e+01 1.92496165e+01
 3.73156027e+00 1.41783274e+00 6.79443351e+00 1.09718237e+00
 3.37888338e+00 1.27228249e-01 5.87388922e+00 1.65075494e-02
 3.28743457e+00 8.46390543e-01 4.85071840e+00 1.07967635e+00
 1.63858870e-01 8.33256991e+00 5.86234020e-01 2.38634114e+00
 2.13178448e+00 8.13770777e-01 6.03693261e-01 4.77817374e+00
 7.62307521e+00 1.31528635e+01 2.41117197e+00 4.07134390e-01
 1.85260310e+00 2.37622462e+00 5.02765561e+00 4.88502440e+00
 7.54599485e+00 3.20477785e+00 1.40940251e+00 1.97117630e+00
 4.98198610e+00 9.82605667e+00 1.96988420e+00 4.19239794e+00
 1.03641272e+00 4.57393861e+00 2.15759390e+00 4.91179895e+00
 1.16838792e+00 2.18439567e+00 3.81170343e+00 4.30709188e+00
 1.13134194e+00 4.51117431e+00 1.70064446e-01 1.31904023e+01
 2.89819670e-01 2.96369491e+00 3.02299375e+00 9.91858259e+00
 9.45598363e+00 1.62297143e+01 1.79503984e+00 2.76918543e+00
 4.45714413e+00 2.03934393e+00 2.19306595e+00 5.35489719e+00
 2.36397144e+00 1.18206826e+00 2.47027171e+00 7.88143013e+00
 7.94701783e-01 4.02311756e-01 2.78719483e+00 4.06311890e+00
 1.45962241e+00 4.07424814e+00 7.27029559e+00 2.56920444e+00
 3.15750017e-01 3.23053225e+00 3.21522702e+00 9.85884914e+00
 5.51732566e+00 2.63697076e+00 1.42172952e+00 1.12742823e+01
 1.62785836e+00 1.45395732e+00 2.60401391e+00 1.44077697e+00
 5.73989512e+00 5.94852791e+00 4.17541881e+00 1.33706157e+00
 9.53280987e-02 7.09724472e+00 2.56951217e+00 3.46891938e+00
 1.36207902e+01 1.35124538e+00 5.37949794e+00 1.10627398e+00
 4.90099671e+00 3.56860138e+00 9.23516417e+00 7.05462415e-01
 8.72614549e-01 2.42787074e-01 9.38675052e-01 6.36806176e+00
 9.22426113e+00 6.29489289e-01 3.59341653e-01 1.78917348e+00
 7.59772218e-01 1.11268431e+01 5.29012786e+00 4.03461549e+00
 3.25377269e+00 2.33902302e+00 2.52572194e+00 4.50804352e+00
 1.46473336e+01 8.87165830e-01 2.50072562e-01 2.50387589e+01
 2.19376931e+00 1.74113633e+01 4.21299190e+00 1.63242357e-01
 2.31919120e+00 3.95481919e-02 5.16011298e+00 3.71461469e+00
 7.45532267e-01 1.05277163e+00 4.00653508e+00 2.23476931e+00
 1.31229847e+00 2.81105444e+00 6.53604902e-01 3.09586074e+00
 3.45232858e+00 7.63951026e+00 2.23554954e+00 1.11609192e+00
 2.03809220e+00 5.75052137e+00 5.19064325e-01 2.43726708e+00
 1.14493124e+01 2.88257903e+00 9.89524000e+00 1.50128220e+01
 1.59297311e+01 1.93072048e+00 7.42200897e+00 1.80475517e+00
 2.32730837e+00 4.05744762e+00 7.10836177e+00 4.46600103e+00
 8.52477674e+00 3.65117660e+00 2.51798242e-01 4.31948977e+00
 1.64730092e+00 3.77443929e-01 1.05026048e+00 3.88211807e+00
 2.32958945e-01 4.98095916e-01 1.36486218e+00 2.49743794e+00
 2.69837316e+00 3.61916820e+00 2.96302884e+00 1.56679029e+00
 4.35581404e+00 2.00108732e+00 6.04807842e-02 1.65782778e+00
 8.50040508e+00 4.89384509e+00 2.51303595e+01 3.38942865e-02
 8.11039308e-01 2.11163275e+00 9.83178712e-02 3.56302440e+00
 1.51341100e+00 1.06961882e+00 1.53340147e+01 1.83205381e-01
 8.63374429e-01 1.03679130e+01 2.38207821e-01 6.72628789e-01
 2.99522325e+00 1.00339807e+00 2.17863436e-01 1.65695383e+00
 6.16008311e-01 6.96140982e+00 3.57882534e+00 4.22213545e-01
 1.35276005e+01 2.77813445e+00 9.44457438e-01 4.05573513e-01
 4.70789012e-01 2.85736885e+00 6.80876491e+00 6.43652590e-02
 4.66404143e-01 2.69951305e-01 1.00231168e+00 3.83467247e+00
 5.16456633e-01 2.28649423e+00 8.35317275e-01 9.32652391e-01
 7.45503812e-01 1.17616183e+00 4.34075280e-01 7.81518663e+00
 2.49073132e+00 4.75473890e+00 1.85003762e+00 6.89934861e-01
 3.85368052e+00 3.52986829e+00 2.97082455e+00 1.14251377e+01
 7.83567253e-01 9.05291272e+00 5.66013313e+00 1.98453347e+00
 9.79971387e+00 8.23472988e+00 6.03028062e-01 1.05626268e+00
 1.89937172e+00 1.99787660e+00 2.21989380e+00 1.18215364e+00
 7.53715648e+00 1.26126811e+00 2.64784557e+00 2.36815597e+00
 5.09356718e+00 3.94307009e+00 8.59573641e-01 1.72833868e-01
 5.27191088e+00 1.57178824e+00 8.24679731e-01 9.10130094e+00
 1.67345291e+00 8.57884445e-01 1.27707243e+01 6.49271631e+00
 1.38725709e+01 1.76047595e+01 1.04728383e+01 3.51537743e-01
 4.32291346e+00 9.32066369e+00 5.19262809e+00 1.30849853e+00
 7.23218759e+00 4.88237870e-01 6.29242540e-01 1.27131914e+01
 1.06989585e+00 4.18427448e-01 3.05043980e-01 1.08880377e+01
 6.64258016e+00 1.90188172e+00 2.58250176e+00 1.04391382e+00
 2.37414496e+00 7.18395753e-01 8.78005965e+00 3.73387616e-01
 1.73405569e+00 1.91034530e+00 9.20617118e+00 1.27467478e+00
 3.25597884e+00 2.67006322e+00 1.19482709e+01 6.51402487e-01
 6.53235824e+00 7.11410193e-01 2.23834464e+00 2.10984435e+00
 4.41693692e+00 4.65411859e-01 3.88153156e+00 1.80382736e-01
 7.96745282e-01 4.05697010e+00 3.76830017e-01 4.47481404e+00
 9.71023820e+00 1.33897840e-01 5.04385087e+00 2.25311881e+00
 5.11554135e+00 3.59088364e+00 8.69281207e+00 1.12908132e-01
 1.80494469e+00 2.52057685e+00 5.18337141e+00 8.34835586e+00
 5.65326451e+00 3.04110926e+00 2.30827112e+00 4.48762717e+00
 2.26012098e+00 1.91524979e+00 5.45007719e-01 7.65422646e-01
 8.17706256e+00 1.08028593e-02 1.56556228e+00 2.11462901e+00
 5.00810818e+00 8.99954190e+00 3.12452670e+00 7.73395445e+00
 4.45486706e+00 4.57037698e+00 7.01099402e-01 1.78652624e-01
 1.91261915e+00 1.92242230e+00 4.03567500e+00 3.23633449e-01
 2.43750185e+00 4.27857098e+00 5.66045246e+00 7.85048101e+00
 8.60465866e+00 5.67624303e+00 3.39755944e+00 3.32086544e+00
 9.11045204e+00 1.35597458e+00 1.53049586e+01 8.96072653e-01
 9.56269514e-01 3.63261393e+00 2.57428819e+00 5.52055309e-01
 6.99251466e+00 7.45295480e+00 2.52164592e+00 5.42491577e-01
 5.97925658e+00 4.67452751e+00 8.56626772e-01 1.51850372e+00
 1.69282229e+00 2.84813942e+00 4.22305423e+00 3.57173371e+00
 9.81054261e-01 4.54962151e+00 4.70226054e+00 9.63021062e-02
 3.30114409e-01 1.01396931e+00 2.53271142e+00 3.77029521e+00
 3.82542354e+00 3.01590797e-01 4.07985825e+00 2.43563011e+00
 7.55883013e+00 2.86548560e+00 1.43709681e+01 9.77968589e+00
 1.41321525e+00 1.24746268e+00 9.66257532e+00 3.99787433e-01
 4.41029018e+00 1.77022095e+00 1.09064824e+01 6.80152154e+00
 7.97602922e+00 1.25130898e+00 1.52669998e+01 8.99217034e+00
 3.67829776e+00 1.68178314e+00 1.19954842e+00 5.15074107e+00
 6.05663900e-01 9.20182052e-01 2.02461165e-01 1.46241843e+00
 5.21897802e-01 9.81442107e+00 2.07773381e+00 9.08234544e+00
 5.94502470e+00 4.20904003e+00 1.59348200e+01 1.51097628e+00
 3.80761002e-01 3.73091040e+00 8.29889367e-01 2.47621994e+00
 1.78482235e+00 6.28545312e+00 1.00270744e+01 2.61302176e+00
 2.56001712e-03 1.19386027e+01 8.00257385e+00 8.33305455e-01
 1.83201610e+00 2.71804822e+00 2.97564561e+00 1.16185196e-01
 1.19891252e+01 3.11151883e-01 1.76463589e+00 1.28837014e+01
 1.58466361e+00 1.87224644e-01 2.66803474e+00 7.65516929e+00
 4.93705470e+00 4.75643417e-01 2.62844151e+00 7.05501189e+00
 1.79566271e+00 3.17139362e+00 9.70134795e+00 3.77860403e+00
 8.44473734e-01 2.02109270e+00 2.50829610e-01 7.45778318e+00
 3.88357805e+00 3.67399635e+00 2.44217896e+00 8.48542910e+00
 8.28287541e+00 7.01142180e+00 1.35701408e+00 1.72688411e+00
 2.74979954e+00 2.53522105e+00 2.23118176e+00 3.16514692e+00
 4.76031835e+00 8.61363234e-01 5.01539861e+00 9.22915756e-01
 1.15092468e-01 1.49645039e+00 1.53933780e+00 6.22243465e+00
 5.99373804e-01 1.90639829e+00 2.62552624e+00 1.15043172e+00
 1.08529414e+00 1.99656524e+00 7.04280669e-01 8.30580599e-01
 7.03939795e+00 3.23620546e+00 7.85859004e-01 4.73906292e-01
 6.27875396e-01 2.82047665e+00 4.71204518e-01 5.85625339e+00
 1.74105014e+00 3.59067710e+00 2.48187335e-01 6.32332078e+00
 3.64016687e+00 8.11839846e-01 7.74475127e+00 2.87733574e+00
 7.23535999e+00 7.34240025e+00 8.60572346e+00 4.58007065e+00
 7.14269100e+00 5.87105674e-02 1.19023875e+00 1.51089733e+00
 5.84285072e+00 8.15025171e+00 1.03710036e+01 3.46241052e+00
 1.10293641e+01 3.26389107e+00 6.02560284e+00 1.78912899e+00
 2.32010932e+00 2.40648908e+00 5.51228269e-01 1.81802007e+01
 1.90696813e+00 9.86936470e+00 1.69575377e+00 3.94573437e+00
 6.10789238e-01 1.05169459e+01 2.48070377e+00 2.97016406e-01
 3.05854973e+00 1.03377621e+01 2.70619754e+00 4.18762931e-01
 2.69348568e+00 5.68470272e+00 9.82494327e+00 6.02958595e-01
 5.11568873e-02 6.79829926e+00 4.02456411e+00 2.70968922e-01
 2.04490132e-01 3.49804444e+00 8.39453590e+00 4.65190611e+00
 3.27567791e+00 3.35889545e-01 5.67234101e-02 8.77499502e+00
 1.32038345e+00 2.05810709e+00 1.15434227e+01 1.13093346e+00
 2.86271465e+00 3.00374101e+00 3.79306883e+00 7.68095515e+00
 1.12088963e+01 4.76519908e+00 4.76983231e+00 2.70119051e-01
 5.87933850e-01 7.56747903e+00 2.77944041e+00 8.42818242e+00
 1.03051126e+01 4.32927523e+00 1.68358729e+00 6.04995895e+00
 4.58355744e+00 7.54855163e+00 2.10958407e+00 2.89426117e+00
 1.21542283e+00 3.74151794e+00 2.18679430e+00 1.85927289e+01
 9.19248817e+00 8.70591801e+00 2.30161370e+00 2.69076962e-01
 7.63330564e+00 3.77756517e+00 2.66134698e+00 4.36601174e+00
 1.03559359e+00 9.89807304e+00 8.77163459e-01 1.85615199e-01
 7.40465781e+00 3.39718123e+00 7.00944043e+00 5.45401571e-01
 1.05375285e+01 1.16960666e+00 4.79316840e+00 1.32127273e+00
 7.74027753e+00 6.10405041e+00 5.51172153e+00 4.08223782e+00
 6.87796206e+00 6.62102820e-01 7.62467923e+00 6.93523691e+00
 6.72902865e+00 7.94501993e-01 6.99256247e+00 6.40194093e-01
 3.22709385e-01 5.26306173e+00 2.30044993e+00 3.05949847e-01
 3.33924711e-01 2.61415139e+00 4.68248471e-02 2.07750085e+00
 9.55464480e+00 5.76628069e-01 4.65802882e+00 1.09799815e+00
 6.38859359e+00 2.25307300e+00 3.57789381e-01 1.13961395e+00
 9.04894834e+00 6.77655059e-01 8.96627489e-01 1.15418982e+01
 1.71697922e+00 7.76509257e-01 3.56253011e+00 2.68921321e+00
 6.15822857e-01 1.83641522e+00 1.30590065e+01 8.53723386e+00
 1.13459579e+01 4.33161552e-01 8.19466189e+00 6.16003989e+00
 3.04256377e+00 1.16114036e+00 1.13787521e+00 8.97511784e-01
 1.60239403e+00 6.12512135e+00 4.73400909e+00 8.36444079e+00
 8.50464546e-01 8.28915117e+00 4.10841556e+00 9.55826102e-01
 1.10419546e+01 3.23947967e+00 8.13638904e-01 8.11620060e+00
 6.51612414e-01 2.73186050e+00 2.74492493e+00 6.68313008e+00
 1.19121072e+01 8.43246107e+00 1.52561675e+01 3.47939900e+00
 7.17585332e+00 2.45505642e-01 2.47006873e+00 3.39291067e+00
 1.72129730e+01 6.15211691e+00 2.85815632e+00 6.17987235e-01
 1.23227452e+00 2.58915664e+00 9.07309702e+00 1.53575111e+01
 2.51605058e-01 1.10792524e+01 1.22742562e-01 1.77282642e+01
 2.10236748e+00 2.86794748e-01 5.53025379e+00 1.39638334e+00
 1.34175533e+00 9.76213386e-01 3.14384880e+00 1.73902215e+00
 2.65837415e+00 1.48732487e+01 8.43453811e+00 6.89936464e+00