1.26940666e+00 3.89499538e-01 1.46809424e-01 8.32509983e-01
 6.35008695e-01 2.28974998e+00 8.40638598e-01 9.36882326e-01
 1.37550018e-01 9.56924069e+00 2.30718381e-01 6.24565386e+00
 3.03332438e+00 2.97424423e+00 5.03579782e-01 3.16476470e-01
 1.20088511e+00 2.73787718e+00 2.99254505e-01 7.00908292e-01
 5.75966058e+00 4.18202506e+00 2.62624517e+00 7.28152962e+00
 2.85076913e-01 4.19694932e+00 6.26948034e+00 7.75807122e-01
 7.66452889e+00 5.57970473e-01 1.68119808e+00 1.28253777e-01
 3.20080867e+00 1.49718208e+01 2.55054745e-01 3.02139574e-01
 2.54736755e+00 2.11188603e+00 8.34386109e+00 8.91887563e-01
 8.76397900e+00 3.23416790e+00 1.51329079e+00 2.99923133e+00
 3.44315263e+00 4.39653076e-01 1.74820787e+00 1.47502815e+00
 7.32393324e-01 4.47470110e+00 3.21269993e+00 6.79974205e-01
 5.01115206e+00 9.57529811e-01 9.53572249e-02 1.30847861e+01
 3.85355950e-01 3.70291253e-01 4.07089189e-02 7.52885788e+00
 5.95782663e+00 6.40986170e+00 2.49291965e-01 5.36346911e+00
 3.85757282e-02 5.48278603e-01 2.76869278e+00 7.14050300e-01
 5.19224368e-01 1.90265904e+00 9.30845736e-01 3.45696186e+00
 1.48654156e+00 1.72301710e-01 1.28288648e-01 2.61310671e+00
 7.14082891e+00 8.21452091e-01 9.41504249e-02 2.60568131e+00
 1.47075600e+00 7.20356446e+00 3.72572181e+00 1.01289307e+01
 4.06276039e+00 1.07177497e+01 4.38609644e+00 7.39380519e-01
 4.92536627e+00 1.64339384e+00 5.41871124e+00 5.41996151e-01
 8.01285245e-02 1.30933797e+00 1.97809426e+00 1.07242146e+00
 8.80450657e-01 1.15596124e+00 2.16983927e+00 4.70399357e+00
 2.09617902e+00 4.48100770e+00 2.11146218e+00 3.59760095e+00
 2.70350434e+00 3.42832788e-01 1.81123991e+00 1.35601050e-01
 6.01904591e+00 4.64019205e-02 7.85522110e+00 6.02898706e-01
 4.09112036e+00 1.18464334e+00 9.72465833e-01 9.45097307e+00
 7.23781947e+00 1.00474218e+00 5.59228356e+00 2.17541781e-01
 1.14647696e+00 2.70629150e+00 2.91729912e-02 7.12915708e+00
 2.83561143e-01 3.09972831e+00 2.78093353e+00 1.54711220e+00
 2.49697300e+00 3.32093469e+00 1.06724347e+00 2.47251252e+00
 4.21053065e-01 3.63917619e+00 2.94926567e+00 1.06823792e+01
 2.00272569e-01 1.12075800e+00 1.55060496e+00 7.87201857e-02
 3.14809554e+00 4.60413908e+00 3.36835378e+00 3.22677555e+00
 4.38799963e+00 9.04197850e+00 2.67802103e+00 7.18854251e+00
 1.01387417e-01 3.01674239e+00 9.10330591e-01 8.41063250e-01
 1.08500376e+00 1.22331563e+01 6.98261567e-01 6.89405504e+00
 4.77795912e+00 3.32906837e+00 3.75709217e+00 1.27569733e+00
 1.64476787e+00 4.31922445e-01 5.93520183e+00 1.12198151e+00
 3.82937150e+00 1.22270779e+00 4.51889011e+00 3.82669829e-01
 5.55632788e-01 8.99169407e+00 4.20150307e-02 3.59942900e-01
 5.76221595e-01 2.65390113e+00 3.35902096e-01 5.45773881e-01
 4.14957947e+00 3.28174532e+00 5.19350719e-01 8.23651736e+00
 4.97369852e-01 1.50844159e+00 1.28913361e-01 2.95749271e+00
 1.31311829e+00 2.11923971e+00 8.31298957e-02 2.39517139e+00
 2.35694362e+00 4.03451131e+00 8.55638585e+00 3.29883889e+00
 3.30938319e+00 2.12131349e+00 2.07975776e+00 1.87817848e+00
 2.44166256e+00 4.76282646e+00 9.77187189e+00 1.93893531e+00
 3.82991579e-01 6.70118139e+00 2.90941152e+00 1.01669840e+00
 4.37364935e-01 1.08349773e+01 7.90669108e+00 6.94073230e+00
 8.72514722e-01 4.43545095e+00 3.09590297e+00 2.39180209e+00
 2.15382847e-01 4.52051903e-01 2.96564144e+00 3.79708217e-01
 2.80242375e-01 2.85702515e-01 1.23447492e-01 3.87652690e+00
 4.16483462e+00 3.56876761e+00 1.40012351e+00 3.18521898e+00
 4.32784778e-01 3.22855669e+00 6.69209021e+00 9.87453287e+00
 7.34885020e-01 2.41375548e+00 2.30998285e+00 2.77245685e+00
 1.54633772e+00 1.92647906e+00 2.48290247e+00 6.18190751e-01
 2.59062072e+00 1.64040063e+00 5.51893072e-01 3.05047407e-01
 1.82556647e+00 2.47067902e+00 1.24909512e+00 2.55636235e-01
 1.07989814e+01 5.92379748e+00 3.91129416e+00 5.00191278e+00
 5.91362127e+00 5.88690820e+00 5.58884504e+00 2.35780199e+00
 6.48941010e+00 9.96893428e-01 2.39873292e+00 1.61097603e+00
 4.33328555e+00 3.47975153e+00 2.21684623e+00 2.68270663e+00
 9.24635449e-01 1.15763127e+00 1.01225785e+00 4.30228671e+00
 3.17039844e+00 2.07661774e+00 1.95053921e+00 4.84201643e-01
 5.48264786e+00 4.03253711e+00 9.63918212e+00 2.79989579e-02
 3.91055982e+00 1.92437427e-01 2.20896146e-01 6.79452726e+00
 4.27745367e+00 4.17086337e+00 6.42032122e+00 7.85742929e-01
 5.72916565e+00 2.16616484e+00 1.06404210e+01 5.78273220e+00
 5.88597830e+00 8.85144656e-01 6.18852139e-01 2.74066267e-01
 2.70614453e+00 7.39798781e-01 1.40391165e+00 3.05847560e-02
 5.05196100e+00 7.31830564e+00 4.17051666e+00 1.07422236e+01
 5.34555481e-01 1.65564349e+00 1.19262774e+00 6.95233332e+00
 1.70340584e+00 3.70454081e+00 1.22759388e+00 4.25365291e+00
 7.83154849e-02 4.72065795e+00 2.50171931e+00 2.13031398e+00
 3.00838646e+00 2.69193512e+00 1.58800773e+00 3.58141894e-01
 9.98129618e+00 4.38339019e-01 2.06607065e+00 8.49077034e-01
 3.08793242e+00 4.40663072e+00 1.83960946e+00 7.62844302e-01
 2.29182845e+00 1.71700261e+00 1.62719363e+00 5.86810677e-01
 4.07688667e-01 1.13084731e+00 1.96778647e+00 1.89271555e+01
 1.01551374e+00 7.70791441e-01 2.53599658e-01 5.39541891e+00
 2.64536616e+00 1.88792031e-01 2.12989948e+00 4.19782544e+00
 1.33980854e+00 9.00253135e+00 6.72312180e+00 4.67914078e+00
 7.74570747e+00 1.51125070e+00 2.34216899e+00 1.31964623e+01
 6.81570484e+00 4.48791688e+00 1.10229230e+00 3.85949781e+00
 4.79600552e-01 3.98463459e+00 2.89656104e+00 1.23898191e+00
 5.19881992e-01 2.45811328e+00 1.19966371e-01 3.42790395e+00
 2.21484272e+00 2.78913381e-01 3.67916792e+00 3.72289032e+00
 5.95208918e+00 1.90902142e-01 1.86300356e+00 1.54790670e+00
 4.25308418e-01 8.08278752e-01 1.73601984e+00 1.55891482e-01
 5.17655187e+00 4.15913688e+00 1.36054620e+01 3.22531499e+00
 4.39221446e+00 1.29518377e+00 5.80594438e+00 2.20261632e+00
 1.87671524e+00 1.15381824e+00 2.87621813e-01 6.77405888e-01
 4.69292104e+00 2.02972734e+00 6.56170433e+00 6.09751138e+00
 1.26439543e+00 5.91248252e+00 8.82743011e-01 4.96115612e-02
 4.96215920e+00 2.98784280e+00 6.94385153e+00 1.36955017e-01
 3.04669479e+00 1.42057019e+00 1.81516716e-01 1.32932881e+00
 6.03677075e-01 9.97328260e-01 2.82181785e-01 7.66401910e-01
 4.14945240e+00 9.67591381e+00 1.86336856e+00 7.12437764e-01
 2.95013765e-01 6.77333274e+00 1.39191427e+00 2.00755212e+00
 2.34321881e-01 7.55254538e+00 4.93927488e+00 1.15521137e+00
 6.40777410e-01 2.61502960e+00 6.13079519e-01 6.56396402e-01
 2.30496140e+00 6.71638092e+00 1.37236237e+01 8.17028670e+00
 1.35676380e+00 7.13344647e-01 4.11821457e+00 9.12872544e-01
 2.23452103e+00 1.59608448e-01 2.19865345e+00 5.77910630e+00
 7.06389530e+00 2.99900419e+00 1.72091545e+00 4.07164520e-01
 7.20898313e+00 5.17590008e-01 1.07734415e+00 1.02513975e+01
 3.52989541e+00 3.19138851e-01 3.52257849e+00 4.55861069e+00
 4.04047248e-01 3.73345430e+00 4.69900396e+00 1.39802769e-01
 1.04467311e+00 1.01518352e+00 3.19857548e+00 1.51957043e-01
 3.83326723e+00 8.01806908e-02 2.29327357e+00 3.78149666e+00
 2.09740950e+00 2.51131082e+00 3.52892591e+00 6.15718462e-01
 2.35272394e+00 3.26671935e+00 9.78848759e-01 3.60345793e+00
 1.47840865e+00 4.52759954e+00 2.57585915e+00 1.09638108e-01
 2.20702573e+00 7.21056870e-01 3.44992397e+00 9.76805220e+00
 3.21863030e-01 1.55195154e+00 9.21948529e+00 5.96298558e+00
 3.24925776e+00 3.01738674e+00 8.20155461e-01 4.93402958e-01
 1.07310511e+01 3.08921771e+00 4.66806803e+00 6.99280976e-01
 3.29135080e-01 1.71994718e-02 9.85370600e-01 1.70150808e+00
 4.22010610e+00 1.19986110e+00 1.07984068e+00 4.18808303e+00
 4.62576472e-01 6.21918441e-01 6.69877838e-01 2.91177254e+00
 4.22864859e+00 2.09472614e+00 4.09147729e+00 6.39957615e+00
 4.33945253e+00 1.61636688e+01 1.28138309e+00 2.90386130e+00
 1.33536605e+00 4.07472577e+00 1.36633949e+00 5.30517857e+00
 3.03860098e-01 1.85871992e-01 1.26269117e+00 1.41564321e+00
 4.22985096e-02 2.16363978e+00 6.18613926e-01 1.55996527e+00
 4.92702591e+00 6.07609543e+00 1.73446993e+00 2.25084938e+00
 1.08495905e+01 1.61915416e+00 9.64767043e-01 1.15557408e+00
 2.49928490e+00 5.99166541e+00 2.61024035e+00 9.62059694e+00
 1.03809446e-01 6.02209818e+00 1.16133195e+00 3.59816021e+00
 4.82408875e+00 2.07311284e+00 1.20326223e+00 2.80098100e+00
 7.68478270e-01 2.10904706e+00 7.87043643e+00 8.26567754e+00
 9.16574890e+00 1.92392558e+01 2.60001227e+00 2.00590328e+00
 4.84604140e+00 2.88372522e+00 2.07265319e+00 6.86365347e+00
 2.78300017e-02 4.66349416e-01 6.34836747e+00 6.95161002e+00
 5.90395614e-01 2.68946874e+00 3.62076584e-01 2.97727673e-01
 5.62136409e+00 1.79892847e+00 3.97483244e-01 7.85357366e+00
 4.51771824e+00 4.12074779e+00 1.06951968e+00 1.63966035e+00
 3.99608437e+00 2.99929849e-01 3.25970393e+00 8.11608891e+00
 2.49395357e+00 2.27689341e+00 5.11027142e+00 6.26859876e+00
 6.38023098e+00 2.67998713e+00 7.86778230e-01 5.19673867e+00
 1.44862928e+00 2.95830680e+00 3.47075348e+00 5.35196259e+00
 1.29303992e-01 5.19639659e+00 3.59156456e+00 1.25623533e+00
 1.15088334e+00 5.81245821e+00 4.10946584e+00 6.03104297e+00
 2.33594133e+00 5.23545456e+00 1.23624699e+00 1.30205430e+00
 3.43764679e-01 2.03581490e-01 1.23184340e-01 3.03595810e+00
 6.49737450e-01 3.13277728e-01 7.69017150e-01 1.37279664e+00
 7.28078255e+00 3.76494050e-01 3.12832587e+00 3.47449253e+00
 8.77897365e-01 2.82050634e+00 9.17764707e+00 2.13425680e-01
 4.70797958e-01 5.00342743e-01 7.25963806e+00 1.02197628e+00
 3.88549168e+00 2.38892796e-01 4.31243667e+00 4.47212161e-01
 4.46368935e+00 5.34476976e+00 2.90289060e+00 2.00249816e+00
 2.05723599e+00 2.02900451e+00 1.41496009e+01 1.95253932e+00
 3.66681543e-01 5.64285057e-01 1.24267223e-01 3.13599684e+00
 5.71508062e-01 4.18693233e-01 1.23881423e+00 4.29906126e+00
 1.50449331e+00 6.70411692e-01 4.95546559e-01 1.01266216e+01
 1.41948713e+00 2.59857249e+00 1.37028379e+00 1.65829199e+00
 3.10186324e+00 6.15175526e+00 2.19778385e-01 2.05073649e+00
 6.30070894e+00 6.50163798e-01 3.16524877e+00 4.86695726e-01
 1.10152280e+00 1.65538334e+00 2.61002529e-01 2.94857066e+00
 3.67948927e+00 1.71554332e+00 1.08660519e+00 4.03033741e+00
 9.42563889e-01 9.43445088e-02 1.13749071e+00 1.27841527e+00
 3.87508684e-01 2.07729977e+00 9.09315976e-01 2.63833271e+00
 3.23701972e+00 3.26828596e-01 2.93115785e+00 4.29882028e+00
 3.05373820e+00 1.84930406e-01 2.06900029e-01 5.45633998e+00
 1.19534503e+01 1.08939049e+00 8.85541976e-01 1.06680151e+00
 3.07065294e+00 9.12762801e-01 1.96134865e+00 8.13979227e+00
 2.00033853e+00 1.72147766e+00 1.55134070e+00 4.97981760e+00
 4.92861310e-01 3.15864568e+00 2.20845992e-01 7.88636156e+00
 5.58257941e+00 1.28590866e+00 2.76118509e+00 1.34581693e+00
 1.50222242e+00 2.98326567e+00 1.04048577e-01 1.29016882e+00
 2.09422181e+00 5.99035916e+00 5.41252909e+00 1.57854083e+00
 1.38557063e+00 4.18167350e-01 3.21397112e+00 1.33379960e+00
 5.56303669e-01 1.74128402e+01 2.23197797e+00 1.02652561e+00
 2.19338296e+00 1.43803584e+00 1.84066619e+00 3.09413863e+00
 1.60763663e+00 1.12709617e+00 1.04052488e+01 5.52350983e+00
 2.43149316e+00 3.75859680e+00 2.94296166e+00 1.07145078e+00
 4.53643763e+00 9.29356517e-02 5.47402671e+00 4.58722813e+00
 7.38807725e-01 1.16762243e+01 5.15872859e+00 1.58179215e+01
 5.45876778e-01 4.00354167e+00 6.33908613e-01 2.15797476e+00
 5.79277988e+00 2.36127781e+00 4.01704836e+00 6.68649820e+00
 7.10854572e+00 2.23294949e+00 1.99457957e-01 7.32233880e-02
 3.48912908e-01 5.80062058e+00 3.08934060e-01 3.42479210e+00
 2.36688964e+00 1.01279277e+00 4.69805991e+00 2.50962822e-01
 5.28023022e+00 1.25771520e+00 3.44713182e+00 3.72801520e+00
 1.79323939e+00 1.80678343e-01 5.26432282e+00 1.56779758e+00
 1.25399494e+00 1.27214968e+00 4.19152228e+00 3.11333748e+00
 5.82326031e-01 3.07890533e+00 1.97049693e+01 1.92243841e+00
 7.64945511e-01 1.68683540e+00 1.87588243e+00 9.19488948e+00
 2.17841957e+00 1.81023919e+00 3.54047372e+00 3.25736166e+00
 1.28489931e+00 9.18090532e-03 1.81044598e+00 1.22731202e+00
 6.48867541e+00 3.57578866e+00 1.02970830e+01 4.49580617e-01
 2.28002951e+00 1.24841139e+01 8.47032076e-01 2.27032087e+00
 7.62955757e+00 4.95626217e+00 3.30790309e-01 1.57366950e+00
 9.94093256e+00 1.03430312e+00 5.83537313e+00 6.05317444e+00
 1.59229419e+01 1.41160044e+00 3.65665074e+00 1.07615880e+00
 9.03229549e-01 2.13880602e+00 5.19193511e-01 3.38662442e+00
 1.46404275e+00 1.33401539e+00 1.06033252e+00 1.00825534e+01
 9.33722319e-01 1.56386524e+00 2.75065546e+00 2.66802407e+00
 4.90365726e+00 3.60452750e+00 1.20665609e+00 7.94572972e+00
 4.62462550e+00 1.28693171e+00 1.31246652e-01 4.01018939e+00
 1.17330753e+00 6.66744478e+00 1.83239103e+00 2.19499696e+00
 7.58965428e-01 3.66809984e+00 1.01893264e+00 2.49221890e+00
 2.67658180e+00 4.46932894e+00 5.54371583e-01 2.24122319e+00
 3.33474320e-02 1.66480125e-01 1.82419403e+00 3.02744970e+00
 4.51588381e+00 7.29490669e-02 2.09467103e-01 1.54438200e+00
 1.50406616e+00 1.13786591e-02 2.25991128e+00 5.00022941e+00
 5.79154342e-01 5.11942457e+00 4.53890032e-01 1.24672843e+01
 2.20343350e+00 3.44210019e+00 1.00839532e+00 5.71506611e+00
 1.97702949e-01 1.18219488e+00 2.04114484e-01 1.19038105e+00
 1.16798390e+00 2.44293175e+00 1.59561520e+00 8.97332379e-01
 5.36746743e+00 2.90929233e+00 1.04804525e+01 2.39321928e+00
 8.24882654e+00 1.65935962e+00 2.14460989e+00 4.05923316e+00
 1.57823486e+00 3.03877399e-01 8.43410938e-01 1.13527914e+00
 2.97000638e+00 4.23325092e+00 4.39979724e+00 3.71100458e+00
 1.45316320e+00 3.28855271e+00 1.43275493e+00 4.01905120e-01
 1.88784212e-01 4.93277664e-01 2.92725545e+00 2.42395319e+00
 5.44294535e+00 6.93161916e+00 8.90557063e+00 1.10048077e+00
 4.98622948e-01 2.41907133e+00 2.21489689e+00 5.07559748e+00
 1.96537069e+00 1.62951174e+00 4.52015722e+00 5.60087024e+00
 2.05811943e+00 1.91674397e-01 4.40761822e+00 1.31817653e+00
 6.92396751e+00 2.64859275e+00 6.57174036e-01 1.34064144e+00
 4.04210353e+00 2.28769952e+00 2.91960743e+00 1.93295587e+00
 4.40579115e+00 3.37913134e+00 2.22680819e+00 6.04412647e-01
 7.58373013e-01 1.51850906e+00 2.05756951e+00 2.92174501e+00
 6.33889961e+00 9.05635112e-01 1.09252591e+00 2.29343187e+00
 7.67128996e+00 9.10736124e+00 1.45006384e+00 3.68297253e+00
 5.62969842e-01 3.69891825e+00 9.50094641e-01 1.73860369e+00
 6.66511882e+00 5.19618752e+00 1.67901195e-01 4.26403813e+00
 1.16012164e+00 8.80060300e-01 1.27844403e+01 2.71961107e+00
 2.27142494e+00 2.11664605e-01 3.62167740e+00 5.75368586e-02
 1.28221137e+01 3.59372197e+00 5.28977268e+00 2.06839456e+00
 1.86066019e-02 3.67519856e+00 5.48370361e+00 3.11690973e+00
 1.29084687e+00 4.57374647e+00 4.64687366e+00 4.82930566e-01
 2.79159124e+00 5.03373727e-02 1.70153078e+00 7.38776865e-02
 1.08643771e+00 7.39906391e+00 6.41117830e+00 1.02756667e+00
 3.10261093e+00 4.87827356e-01 7.12571603e-02 2.19789865e+00
 1.55984849e+00 2.66606988e+00 2.29913258e+00 7.59687697e-01
 5.36645064e+00 3.40566514e-01 4.85149241e+00 1.45623081e+00
 1.19031590e+00 2.29265602e-01 1.81599904e+00 3.43440597e+00
 5.12442955e-01 1.68823260e-01 1.73814345e-01 1.10299974e-01
 4.57953068e-01 8.92536110e+00 4.63628206e+00 1.28841200e+00
 2.20936210e-02 3.99541224e+00 1.97945457e+00 5.89471431e-01
 1.59526026e+00 4.44557577e-01 8.46520852e-01 3.86958262e+00
 3.40921315e+00 3.61999507e+00 1.22300305e+00 6.63309031e+00
 4.81432479e+00 3.39350212e-01 2.68173266e+00 2.48691549e+00
 1.81571382e+00 2.19187361e-01 8.10907649e-01 1.70803944e+00
 2.26298530e-02 1.64715807e+00 4.87266147e+00 1.48595178e+00