8.65796473e-01 4.84325826e-01 2.54540193e+00 2.59714919e+00
 2.70591369e-01 6.32530128e-01 1.83714899e+00 2.17524371e+00
 3.59537120e-01 4.90459174e-02 1.78455192e+00 5.54792604e-01
 7.62530288e-01 1.04661361e+00 8.71673267e-01 5.50953648e-02
 3.53022524e-01 9.02404602e-01 3.17125462e-01 3.89838585e-01
 4.09623392e-01 1.38249470e+00 1.02872314e+00 1.44466821e-01
 3.79664989e-01 3.95229471e-01 7.60706172e-02 7.06776296e-01
 3.31117274e-01 2.28328940e+00 6.05133032e-01 1.60811998e-01
 6.40784318e-01 1.67499650e+00 3.60219285e-01 1.06990518e-01
 3.27641503e-01 2.98598771e-03 5.17286034e-01 2.11106649e+00
 1.58558706e+00 7.68802704e-01 3.86105506e-01 2.02304539e-01
 1.03799741e+00 2.46349016e-01 2.85393507e-01 1.58277617e+00
 1.74809811e-02 1.48713146e+00 3.53759477e-01 1.43878866e+00
 5.26526984e-01 6.95720133e-01 5.54525731e-01 9.63850014e-02
 5.17242344e-01 4.50837436e-01 4.09973426e-01 1.63693430e+00
 6.51630692e-02 8.27134648e-01 1.13668343e+00 2.50661952e-01
 2.50476810e-01 1.27935704e+00 1.04525092e-01 1.34219628e-01
 2.80429269e-01 5.97531697e-01 6.95469043e-01 1.16468681e+00
 1.53988342e-01 6.57138759e-02 3.54145905e+00 6.34163315e-01
 1.06664075e+00 2.36719919e-01 1.75494220e+00 4.52874728e+00
 1.01224107e+00 1.66991084e+00 9.45875650e-01 7.85761638e-01
 6.13483956e+00 4.86553258e-01 2.78302998e+00 3.21742285e-01
 3.38400860e-01 2.13518876e+00 2.10800668e+00 3.31891886e-02
 5.65596298e-01 1.43336501e+00 3.53392011e+00 3.87553137e+00
 5.80987796e-01 3.96616943e-01 1.26206032e+00 7.81457448e-02
 1.64093151e+00 5.04409428e-01 5.36305380e-01 1.02798564e+00
 5.64572609e-01 1.78106401e-01 3.57137821e-01 7.62570722e-01
 1.89140037e-01 1.61830244e+00 9.57143445e-01 1.80048865e-02
 2.03675274e-01 1.77468734e+00 6.50622720e-01 6.63891170e-01
 1.56350155e+00 6.41788767e-01 1.19371858e+00 7.10006983e-01
 1.75438732e+00 6.49887084e-01 6.62013453e-02 4.15722673e+00
 9.86404611e-01 5.30226687e-01 3.02475699e-01 1.38913852e-01
 1.52641043e+00 8.99660547e-01 8.28256410e-02 4.27169676e-01
 1.10341571e+00 2.93470428e+00 2.32473090e+00 2.48901247e-02
 6.51268896e-01 4.05886594e-01 2.90560480e+00 5.63043694e-01
 8.46010130e-02 3.85303225e-01 2.12778127e-01 3.77706759e-01
 2.97200138e+00 2.22516755e-01 3.87878107e-01 5.11851393e-01
 2.10318954e-01 3.21859229e-01 4.41440018e-01 1.73358612e-01
 7.07825183e-01 3.86232583e-01 1.23349439e+00 5.24072474e-01
 1.42052728e+00 1.03174957e-01 1.07265898e-01 1.55723946e+00
 7.43540834e-02 2.23469563e-01 9.04637581e-01 2.53755718e-01
 3.59027216e-01 1.36753249e+00 6.99564708e-01 1.15974961e+00
 5.77035318e-01 1.07357737e+00 1.57154647e+00 1.42591776e+00
 4.95805977e-01 8.88384935e-02 4.15432762e+00 8.76692358e-01
 6.89368689e-02 3.61686329e-01 2.95165714e+00 3.52274945e-02
 4.48285856e-01 2.21391805e-01 4.43374468e-02 9.75348021e-02
 3.70955662e+00 8.72604095e-01 2.43948832e-02 6.79446761e-01
 9.38056514e-01 4.95788566e-01 7.74229969e-01 3.93324562e-01
 1.87615596e+00 6.42161744e-01 1.89930389e+00 1.99261953e+00
 6.59008229e-01 1.28434822e+00 1.56281664e+00 1.66180848e-01
 6.54787271e-01 1.56929528e-01 4.22741083e-01 1.49294027e+00
 9.46798268e-01 2.89382331e+00 3.17658451e-01 2.30692937e-01
 2.90838884e+00 1.06428181e-01 7.52275435e-01 3.44816423e-01
 6.69524863e-01 1.88034550e+00 3.00097811e-01 4.67872873e-01
 1.00627832e+00 1.28556712e+00 1.13690718e-01 4.39624543e+00
 3.67651268e+00 5.43851650e-01 6.84561559e-01 8.18498309e-01
 7.80247335e-01 7.37357222e-01 9.38026069e-01 1.43516892e+00
 2.49360944e+00 4.40210472e-01 2.40890449e-01 7.63085615e-01
 1.10036221e+00 3.18061473e-01 4.47945069e-01 1.24946419e+00
 1.43529412e+00 8.56372425e-01 1.41447948e-01 2.70860126e-01
 3.86770802e-02 3.26874429e-02 9.15346619e-01 7.02837687e-02
 6.40501506e-02 2.51720469e-01 1.70892219e-01 3.55481768e+00
 1.01970214e+00 1.04919580e+00 3.70022122e+00 2.01530227e-01
 4.02689106e-01 2.69732907e-01 3.04957579e-01 1.43147445e-01
 1.80872686e+00 3.68870317e+00 9.62723974e-01 3.39450136e-01
 3.43088252e+00 8.42454387e-01 3.28386746e-02 2.54229936e-01
 6.81944586e-01 6.65370051e-02 2.02678075e+00 8.31638646e-01
 9.30410337e-01 1.46170703e+00 2.07677233e-01 9.39853078e-01
 3.66162078e-01 1.58001226e+00 5.81270187e-03 4.98488076e-01
 6.45468445e-01 7.92124950e-01 9.30984917e-01 1.33735503e+00
 1.67921872e+00 6.09543501e-01 7.81466095e-03 4.08790953e-02
 1.83041206e+00 1.36290448e+00 8.60059735e-01 1.45663999e-01
 8.50149356e-01 2.09829507e+00 3.16606759e-01 2.35252607e-01
 6.84585840e-01 5.86064476e+00 1.65107814e+00 1.60429137e+00
 1.00912497e+00 2.19369576e+00 9.72396728e-01 5.03759167e-01
 2.11951714e-01 1.20731830e+00 4.56898712e-01 5.08618074e-01
 3.47357859e-01 1.36960575e+00 1.66000547e-01 1.46117221e+00
 1.59539778e-01 9.92350673e-02 2.37362014e-01 2.51901761e+00
 2.18580197e+00 4.59779965e-01 1.74244699e-01 5.58658751e-01
 2.33272080e-01 8.47476353e-02 4.04453296e-01 4.09290723e+00
 2.09203888e+00 6.21371873e-01 8.72002899e-01 7.98533013e-01
 8.10927972e-02 1.22978384e-01 9.07182594e-01 7.11875678e-01
 7.98082463e-01 1.35474796e+00 7.88953921e-02 2.87165098e+00
 1.11046307e+00 2.40702285e+00 3.57700404e-01 2.61270889e+00
 1.80720291e-01 7.23171525e-01 3.19084482e-01 1.90266714e+00
 3.80653260e-01 2.04693271e+00 1.68995613e-02 7.81935867e-01
 8.41493253e-01 3.84405624e-01 1.00975480e+00 1.07032672e+00
 6.65809780e-02 1.67529869e+00 1.82645643e-01 3.27177857e-01
 9.69101520e-01 1.09487441e-01 3.38453497e-01 9.46788947e-01
 2.74734690e+00 8.69948235e-01 7.34622770e-01 3.17364252e+00
 1.35833803e+00 4.59534749e-02 7.32543310e-01 1.15449106e+00
 2.61075803e+00 2.72951335e-01 9.94683941e-02 2.94934313e-02
 3.24899160e-01 9.96064333e-01 9.10487477e-02 4.11916816e-01
 4.38287767e+00 2.09877118e-01 4.13329688e-01 1.28463500e+00
 5.72349208e-01 2.29376508e-01 3.93177086e-01 5.75950773e-02
 5.45312843e-02 2.27236211e-01 5.95069350e-01 3.47419383e-01
 1.48239152e+00 6.43517610e-01 4.65180574e-01 9.91318325e-01
 9.30958879e-01 9.32682205e-01 1.60859487e-01 6.55120418e-03
 1.41428613e+00 1.29656633e+00 3.52142997e-01 1.06770443e+00
 1.99896291e+00 6.09101915e-01 3.31075866e-01 1.75301961e+00
 7.42965546e-01 5.69927349e-02 2.09684700e+00 1.51868560e-01
 7.07642260e-01 9.51769459e-01 3.93008202e-01 2.48947217e-01
 3.50325395e+00 2.64760827e-01 7.50321084e-01 2.97903257e-01
 2.53134433e-01 4.71448090e-01 1.53226509e-01 1.64909611e+00
 8.23493988e-01 1.55948037e+00 1.37272191e+00 1.31364313e+00
 1.15683683e+00 4.81952068e-01 1.35037816e+00 1.78241922e-01
 1.42837199e+00 3.28597042e+00 1.29178535e+00 2.18014637e-01
 4.08153075e-01 5.97843300e-01 9.94671966e-01 3.21639202e-01
 3.84859633e-01 1.92797943e-01 1.72534701e-01 6.16149210e-02
 2.14020275e+00 1.12273246e+00 8.92152581e-02 1.86297702e-01
 1.11565229e+00 9.57248386e-01 1.39287114e-01 6.45350694e-01
 5.96457969e-02 1.44927718e+00 1.32044212e+00 8.48817241e-01
 3.25268140e-01 2.46718326e-01 2.75787381e-01 4.31380553e-01
 4.12177408e-01 1.67848119e-01 1.22760968e+00 5.45816199e-02
 3.10789991e-01 2.88409983e+00 2.19758700e-02 7.73044776e-02
 1.22599255e+00 3.23042379e-01 5.92572381e-01 2.01196930e-01
 8.14614135e-01 3.06931082e-01 1.45844691e+00 2.89674583e-01
 5.56670571e-01 2.98860076e-01 3.00845949e-02 1.71268050e+00
 1.21386315e+00 1.90150582e-01 2.63242528e+00 1.55586019e-01
 7.72245741e-01 4.36670659e-01 2.91077583e-01 7.70009746e-01
 6.26909067e-01 1.28217792e+00 5.05003147e-02 2.82626510e+00
 1.26093716e+00 5.51785263e-01 2.13178127e+00 1.97645286e-01
 1.69735709e-01 1.12338762e+00 3.41107838e-01 2.15121639e+00
 3.97428728e-01 6.00500072e-02 4.16123462e-02 7.54384531e-01
 1.20787693e+00 1.76764591e-01 1.70509394e+00 2.30826925e+00
 1.90040901e+00 7.26026324e-02 5.66518334e-01 3.27944646e-01
 6.74382257e-01 1.82013839e+00 1.00949995e+00 4.20830562e-02
 4.03610517e-01 1.06857908e+00 2.01525669e-01 1.13378336e+00
 5.35300834e+00 1.86634838e+00 4.07150260e+00 2.02020814e+00
 9.35623461e-01 3.21654751e-01 3.05865056e-02 2.78087516e+00
 9.41399198e-01 1.25630958e+00 3.14997917e+00 3.91547258e-01
 2.50398408e+00 4.75363749e-01 4.38218579e-01 1.75853272e-01
 6.00595205e-01 1.29153846e+00 2.82855268e-01 2.34055337e-01
 1.75808389e-01 9.50327150e-01 1.97155522e-01 1.47205989e+00
 1.25002672e-01 7.62892744e-01 4.34564294e-01 6.31105274e-02
 1.49530858e-01 1.27948142e+00 1.19827800e+00 1.02116218e+00
 5.89293595e-01 2.37402760e+00 1.28690742e-01 8.93947801e-01
 1.87161208e-01 2.16286822e+00 1.83247929e+00 2.10725807e+00
 3.27142235e+00 1.44905051e+00 2.26688158e+00 9.41276040e-02
 1.52782112e+00 8.73434852e-01 5.27296470e-01 4.72887320e-01
 1.00546988e+00 5.80712077e-02 4.76785700e-01 4.88084253e-02
 4.80073475e-01 2.73467972e+00 1.70921740e-01 1.48017691e-02
 4.24092459e-01 1.10973886e+00 5.76820174e-01 9.01996733e-01
 3.17246132e-01 1.78580350e+00 3.69521643e-02 2.33183417e-01
 2.41217648e+00 2.49599337e-01 1.15961206e-01 4.20501083e-01
 1.65048523e+00 2.17300744e-01 5.82241774e-01 4.48679242e-01
 4.45218347e-01 2.97102893e-01 6.25383267e-01 2.05780040e+00
 9.45927360e-02 1.10262448e+00 6.69706993e-01 1.96191119e+00
 1.24413134e+00 7.81257743e-01 4.40464214e-01 1.70146510e+00
 1.12480014e-01 9.25333614e-02 5.30026332e-01 6.79376669e-01
 1.61480229e+00 6.52955415e-01 2.04538559e-01 3.33845858e+00
 2.42852151e-02 3.57518878e-01 8.36331491e-01 9.09927308e-01
 9.34738110e-01 2.80620559e-02 4.38522027e-02 9.28284838e-01
 4.02939193e+00 9.98262569e-01 1.63288306e+00 4.03611666e-01
 7.11635027e-01 2.64880076e-01 5.00692884e-03 1.01939761e-01
 2.05363663e+00 6.17332847e-01 6.96876449e-01 1.46820962e+00
 1.36146320e+00 4.63731048e-01 6.35410469e-01 3.56992979e-01
 9.70179262e-01 1.23788744e+00 5.41975713e-01 4.05304679e+00
 3.65445831e+00 1.92769244e+00 1.02655798e+00 4.32045349e-01
 6.98418985e-01 4.87871182e-01 6.55005472e-01 5.66144900e-01
 1.52282381e+00 2.28086483e+00 2.75736827e+00 5.07190872e-02
 3.70693740e+00 1.54694819e+00 7.19297300e-01 3.97901800e-01
 2.32699462e+00 2.39726443e-01 1.52224714e+00 4.13221126e-01
 1.27761697e+00 1.60760719e+00 9.33048630e-01 7.28783255e-01
 7.55389909e-01 8.80505085e-01 3.37404759e-01 2.02892389e+00
 4.11265526e-01 5.04774681e-01 1.02943542e+00 2.24493277e-02
 4.70873355e-01 1.02713149e+00 1.58952098e-02 9.66734552e-01
 1.49940451e+00 6.70415532e-01 1.49611916e+00 7.33434188e-01
 6.80209319e-01 6.16015113e-01 1.80013930e+00 2.03640787e-02
 4.34890267e-01 4.02679097e-01 7.24001453e-01 2.53428861e+00
 1.58990449e-01 6.69292587e-01 4.81191022e-01 1.60208378e-01
 1.34096127e+00 2.30816016e-01 5.80314417e-01 1.91367700e+00
 1.42402956e+00 1.94268863e+00 1.40607799e+00 9.40954228e-01
 1.57977946e+00 5.79498750e-01 1.04625786e+00 9.68932117e-01
 4.20807443e-01 1.43715380e+00 8.77438313e-01 1.26706721e+00
 1.01923269e-01 3.94273893e-01 5.04809588e-01 2.76088181e-02
 2.31045416e-01 1.23016681e+00 1.66616225e-01 5.85890471e-01
 1.07096269e+00 1.68651991e+00 1.52038341e-01 1.30955266e+00
 3.31143510e-01 1.78784902e-01 3.46689148e-01 7.53830124e-01
 6.14183553e-01 2.07704750e+00 9.90002528e-01 1.64308159e-01
 2.55324396e-01 2.79599822e-02 1.98113529e-01 1.41115785e+00
 3.19904503e-01 2.16554623e+00 2.06019343e-01 1.12596316e-02
 3.35879580e-01 1.75585464e+00 9.81704182e-01 7.96201085e-02
 1.47448212e+00 4.95861651e-01 6.98875291e+00 2.64250640e+00
 4.78994242e-01 2.21590082e+00 4.82985898e-01 7.86321461e-01
 2.87475783e-01 6.36890021e-01 3.41285546e-01 4.12922298e-01
 2.25805013e+00 3.12325519e+00 1.74837736e+00 1.71927807e+00
 8.42113941e-02 2.33469217e-01 2.83048666e-01 1.53454952e+00
 2.50817680e+00 4.22603028e-01 8.18389931e-02 2.04690305e+00
 4.28374226e-01 1.49232133e-01 4.18299455e-01 3.02309039e-01
 2.94137642e+00 6.09201431e-03 2.83214424e-01 5.15065745e-01
 4.68460234e-02 3.20040533e+00 7.32902540e-01 9.68373043e-01
 2.54353397e-01 3.54331883e+00 4.64877837e-02 1.77259670e+00
 3.51785857e-01 2.28081699e-01 2.26169636e+00 4.25497773e-01
 1.54011111e-01 2.33125953e+00 4.30431253e+00 4.63425115e-01
 4.43668739e-03 5.31529255e-01 1.60706822e+00 1.66252141e+00
 9.20155518e-01 1.82528213e+00 2.45779044e-01 8.27256436e-01
 3.42140161e-01 6.26728501e-01 5.39847301e-01 9.74617500e-02
 2.12410700e+00 1.67436872e+00 5.51914123e-03 6.13654623e-03
 9.14725223e-01 3.41521166e-02 6.54890929e-02 5.74778762e-01
 3.29371371e-01 3.47927828e-01 4.19575207e-01 1.19968713e+00
 2.19173086e-01 2.56438116e+00 7.84043320e-01 4.12216184e-01
 2.78006069e-01 1.74047763e+00 1.65844387e+00 1.41816795e+00
 9.08602422e-02 1.07597061e-01 5.30775068e-01 1.26250469e+00
 6.00258619e-01 1.05402710e-01 7.53235894e-01 2.88554788e-01
 9.69885159e-01 5.52007638e-01 1.04097711e-01 1.97367586e+00
 1.87277297e+00 1.01278604e+00 2.94517844e+00 3.23104115e-01
 2.13220618e-01 1.98570485e+00 2.68352018e+00 3.24497328e-01
 1.29383045e-01 6.68853812e-02 1.83853979e-01 2.36854420e+00
 2.85965965e-01 1.03695936e-01 5.34378155e-01 2.95780247e+00
 1.23382816e+00 1.70125576e+00 1.89279511e+00 3.36081969e-01
 2.03105224e+00 2.59010149e+00 2.09120631e+00 2.28162017e-01
 5.74279777e-01 1.97244760e+00 2.36321348e-01 5.55409492e-01
 7.53614154e-01 2.21026635e+00 7.04126130e-01 2.98942688e+00
 1.02089309e+00 6.10222966e-01 1.46387781e+00 1.05736208e+00
 3.54476764e-01 4.23808224e-01 1.05274925e-01 7.25329821e-01
 9.18345705e-02 7.87596984e-01 1.83049431e+00 5.91067929e-01
 1.19216610e+00 2.42452710e+00 1.13092216e-01 5.00229714e+00
 9.14669793e-01 3.43527869e-01 1.61787999e-02 2.34802345e+00
 1.07444293e+00 9.00987046e-01 3.09114788e-01 1.39922669e+00
 5.17838413e-01 8.60573214e-01 1.23064267e+00 2.94018198e-02
 2.16482235e+00 1.64055633e-02 2.86589370e-01 3.90616174e+00
 5.08571294e+00 3.73901527e-01 8.87886876e-01 9.08901948e-01
 4.39315084e-01 1.13107988e+00 4.94554093e+00 1.02027732e+00
 8.87557801e-01 4.28678505e-01 1.25748497e+00 2.24361854e+00
 1.14251310e-01 1.80134681e+00 4.57756570e-01 2.80842860e-01
 4.79651056e-01 1.78369109e-01 4.19911357e-01 8.52298512e-02
 3.75012953e-01 1.20600366e-01 1.26129899e+00 1.32583898e+00
 1.25424286e-01 3.64023836e+00 7.70662387e-01 9.84086934e-01
 9.55985958e-01 4.29134912e-01 2.03292829e+00 1.79696574e+00
 9.22109338e-01 1.39001239e+00 3.96417964e+00 3.59387359e-01
 1.19148359e+00 3.91508435e-01 1.13887570e+00 6.03975358e-02
 3.80298583e+00 1.10919031e+00 1.41518769e+00 6.15799199e-01
 1.30910907e+00 2.58296363e+00 8.13676847e-01 1.19171922e+00
 1.58281284e-01 1.85637221e-01 8.73913833e-01 1.56043285e+00
 1.96909262e+00 4.56056261e-01 4.71448189e-01 4.72916232e+00
 5.23355822e-01 1.18072550e+00 1.46591659e+00 1.20546557e+00
 6.79529336e-01 1.58206457e-01 1.63902125e+00 5.73672177e-01
 8.65073158e-01 1.24408035e+00 6.89971279e-01 4.50619626e-01
 1.37338195e-01 1.63407383e+00 6.40584916e-01 1.07628188e-02
 1.39805089e+00 3.40673139e-01 2.08324759e+00 4.63692729e-01
 1.13143859e+00 6.15063577e-01 9.12402119e-02 6.18141959e-01
 1.70061593e+00 2.70084442e-01 3.40647166e+00 1.22220419e+00
 1.55920272e+00 1.16321576e+00 8.09971544e-01 7.38488869e-01
 4.93280776e-01 1.25177851e-01 1.22479321e+00 6.16339565e-01
 1.24668231e-02 1.99738581e+00 1.76915520e-01 1.40522648e+00
 4.14275651e-01 8.56098043e-02 3.13737249e-01 4.31532604e-01
 1.65598047e+00 5.18414695e-02 1.86767565e+00 3.88469996e-01
 2.00771667e+00 6.70231350e-03 1.41168311e+00 1.33224341e-01
 9.53137135e-01 6.72954044e-01 3.04563176e-01 2.48435569e-02