2.86217710e-01 7.89619842e+00 2.47920476e+00 7.86952417e-01
 4.85826495e+00 4.02317662e+00 8.91240944e-01 6.73126669e-01
 1.09084910e+00 3.73758652e-01 2.68144244e+00 1.52632045e+00
 5.11692404e-02 1.96429817e-02 2.57580941e+00 1.13934756e+00
 4.09808894e-01 5.92220758e-01 3.38187753e-01 5.16948139e+00
 1.58657322e+00 4.70231919e+00 4.85796143e-01 1.70046631e+00
 2.89672024e+00 1.02365526e+00 1.58232277e-01 9.78176463e-01
 7.06043544e+00 8.31520986e-01 8.70000194e-01 8.15671363e-01
 6.69333333e-03 4.62099505e+00 1.40200503e+00 9.00093252e-02
 1.83291166e-01 1.69659041e+00 1.19086290e+00 2.08184959e+00
 3.61527090e-01 2.54875355e+00 1.03638316e+00 2.46668924e+00
 2.70076539e+00 3.84996798e+00 3.32055647e+00 4.26647344e+00
 3.08004781e+00 1.14438322e+00 1.39110246e+00 1.26915664e+00
 2.15201399e+00 3.84909767e-01 1.93202182e+00 1.61848700e+00
 2.45875106e+00 2.07753133e+00 2.10093700e-01 6.37535321e+00
 7.96783042e-01 3.53419845e+00 2.90329851e+00 2.20084220e+00
 8.30849533e-01 3.46380378e+00 7.01210440e+00 3.16010760e-01
 3.32390441e-01 8.20312605e+00 4.34262420e-02 5.76613862e-01
 2.16885543e-01 1.44506325e+00 3.06256643e+00 3.89579332e-01
 1.51187165e+00 7.91908979e-01 2.91649754e+00 4.36411968e+00
 6.28566934e-01 5.53354960e-01 1.00807891e+00 5.74253762e-01
 4.11687911e-01 1.20484389e+00 1.10713764e+00 1.43993170e+00
 3.55235961e-01 8.31979309e-01 2.34981745e-01 1.03836540e-02
 3.35003498e-01 4.79780687e+00 1.35132544e+00 3.60255683e+00
 1.95894431e+00 7.58947128e-01 1.21220620e+01 9.58309788e-01
 1.31836008e+00 4.91386259e+00 2.09529016e+00 1.03195946e+00
 1.63174419e-01 2.10074378e-01 8.15927802e-01 8.44059635e-01
 1.38996936e-02 4.68386017e-01 5.44480370e-02 5.60888371e-01
 3.42901898e+00 1.59185915e+00 4.63457697e-02 2.90253209e+00
 1.78082914e+00 5.47177916e-02 6.51564907e-01 1.27489734e+00
 5.62867974e-01 8.84304195e-01 2.05658173e-01 7.11385468e-01
 9.99591345e-01 1.28206091e+00 2.39291646e-01 4.47976901e+00
 1.43559637e-02 1.11126641e+00 2.48576705e+00 1.50825562e-01
 4.94084224e+00 1.30490645e+00 3.63526301e+00 4.65016724e+00
 2.04900723e+00 4.60975355e-01 1.39442635e+00 2.67198388e+00
 9.07548800e-03 4.98114937e+00 3.80309535e+00 1.48581928e+00
 2.79926748e-01 3.06255485e+00 4.46543847e-01 3.55474016e-01
 2.26118707e+00 9.14794636e-01 1.37111845e+00 2.66533106e-01
 7.59360265e+00 2.73320187e+00 1.56766411e+00 5.24067081e-01
 4.32589205e-01 1.80237852e+00 4.40093435e+00 3.46021941e-01
 9.08987968e-01 1.51730880e+00 3.48567141e-01 9.42447348e-02
 1.60632329e+00 4.84816412e+00 1.08377066e+00 1.04580576e+00
 2.29625922e+00 2.96567923e-01 8.81415734e-01 2.99510100e+00
 1.46944832e+00 6.19822024e-01 1.18818946e-02 2.50039926e+00
 2.00519384e+00 1.97122564e+00 1.21225421e+00 9.85510757e-01
 3.29997075e+00 1.63869087e-01 3.57108008e-01 2.09365593e+00
 4.39490777e+00 2.59778778e+00 1.15298357e-01 6.61633022e-01
 4.54255995e-01 5.20304780e-01 7.99725092e-01 1.51696929e+00
 1.73104619e+00 1.11909194e+00 3.37088612e+00 2.19762852e+00
 1.37862318e+00 1.45733157e+00 1.93451741e+00 3.80806289e+00
 4.77778896e-01 1.12994665e+00 1.71413159e+00 6.11705692e-01
 9.83013583e-01 3.71209538e+00 9.50673278e-01 3.40600115e+00
 2.00598938e-01 4.18699692e-01 1.18970224e+00 1.31059926e+00
 3.55670826e-01 5.32066050e+00 3.14014597e-01 2.52990687e-01
 3.36768108e+00 2.31406796e+00 1.53784162e+00 2.33780902e+00
 3.18066497e-01 4.73078839e-01 2.86637686e-01 2.91748787e+00
 7.46962730e-01 2.38027414e+00 6.36836445e-01 9.64016358e-01
 9.21701874e-01 3.18098783e+00 4.55225685e+00 4.98408971e+00
 2.31633908e+00 1.30257679e+00 1.68999938e+00 2.22750576e+00
 4.55394061e+00 2.86989969e+00 1.54084898e-02 4.32569668e+00
 6.96126035e-01 6.86604276e-02 3.17371927e+00 4.02692823e+00
 2.18770540e+00 8.93184944e+00 9.63812833e-01 4.70215180e+00
 2.09862110e+00 4.03630614e+00 3.96211684e+00 6.39996226e+00
 2.06202745e-01 6.92244239e-01 6.04397778e-01 4.25898968e-01
 3.07136403e+00 2.09536004e-01 4.88816670e+00 7.39000903e-01
 2.93325695e+00 2.15425240e-01 3.20435182e+00 5.14239230e-01
 5.48934731e-01 1.10651772e+00 2.31176899e+00 2.22582251e+00
 2.32306035e+00 1.30596156e+00 1.50096863e+00 6.00366701e+00
 3.14983906e+00 2.23041755e-01 3.95342223e-02 5.88222871e-01
 5.99906281e+00 1.63854445e+00 8.32173611e-01 5.01674651e-01
 8.19828152e+00 1.73316920e+00 1.12356606e+00 5.35697130e-01
 6.25286103e-02 3.26365999e+00 2.34450621e+00 2.12792720e+00
 2.08573631e+00 3.27890096e+00 7.79765206e+00 1.76792612e-01
 7.86191870e+00 1.20042458e+00 1.71786266e+00 2.38352633e+00
 1.73814713e+00 1.41459676e-01 3.27993083e+00 1.40434541e+00
 3.98570190e+00 2.24171085e+00 5.32036028e-01 1.55518147e+00
 4.92427113e-01 2.09249009e+00 4.33178305e-01 6.95666046e-01
 1.37379003e-01 8.98367485e+00 1.50047397e+00 2.27953865e+00
 1.50132807e+00 4.38901430e-01 4.02480027e+00 1.31847019e+00
 1.34602833e-01 2.01858164e+00 1.35404129e+00 9.12060650e-01
 1.18293215e+00 6.28649285e+00 4.16536853e+00 3.40271768e+00
 1.00193065e+00 4.53136855e+00 1.31026013e+00 3.17264973e+00
 2.56216265e+00 9.87733185e-01 3.67120641e+00 3.66091350e-01
 6.77849634e-01 2.02075261e+00 1.76133033e+00 5.13032824e+00
 5.51663450e-01 3.08019440e+00 1.91544439e-01 5.13636746e+00
 1.09340301e+00 8.52247324e-02 1.90022555e+00 1.44458476e+00
 2.18706943e-01 9.29026043e-01 1.90190616e+00 2.41010216e-01
 4.77588397e-01 1.21383421e+00 2.68217131e-01 1.26508519e+00
 1.19174152e-01 6.14891763e-01 6.74941627e+00 1.27807046e-01
 6.94044760e+00 1.44785872e+00 8.93168797e-01 7.19015517e-01
 2.30021864e+00 7.22006097e+00 1.34942400e+00 3.91162883e-02
 1.54011396e+00 2.74059387e-03 9.73968943e-01 5.08538492e-01
 5.81344992e-01 6.65271265e+00 1.72676803e+00 3.92463032e-01
 2.62534352e+00 4.39958869e-01 2.51477971e+00 4.29264116e+00
 1.62852772e+00 7.25372054e-01 4.71417105e+00 3.72859122e+00
 1.81309423e+00 1.61057556e-02 3.01203809e+00 8.50993487e-02
 2.84578421e+00 2.53142817e+00 3.42498706e+00 2.58900672e+00
 5.65774165e-02 1.74763910e+00 2.52736952e+00 1.02900543e+00
 9.85069164e-01 4.50670743e+00 2.03463213e+00 6.33708161e-01
 2.76970318e+00 9.18404842e+00 6.64832892e-01 1.83590773e+00
 4.89548878e+00 4.96299289e-02 4.09421925e-01 3.75181252e+00
 3.90451635e+00 4.83611082e-01 2.37600231e+00 2.28846076e+00
 4.50861184e-01 4.59141251e+00 1.17095174e+00 3.92467501e-01
 1.16170091e+00 1.50340663e-02 8.52098656e-01 1.06385035e+00
 1.03620203e+00 3.87874173e-01 8.76034247e-01 2.82433995e+00
 2.64026885e-01 1.77718766e-01 4.60591542e-01 1.88351206e+00
 7.79308054e-01 4.90174690e+00 1.36031560e+00 6.65973868e-01
 5.99961163e+00 3.79192473e+00 3.35672607e+00 1.61141686e+00
 4.45652889e-01 1.17904148e+01 2.87877339e+00 1.29669387e+00
 2.64443141e+00 2.35928410e+00 2.92880197e-01 6.91790173e-01
 1.71472727e-01 6.29225575e+00 1.29646777e+00 6.97629057e-01
 1.76156212e+00 6.55684534e-01 1.24928327e-02 5.31492482e-03
 1.12721971e-01 2.23968640e+00 2.44644915e-01 8.85542014e-01
 6.08517504e+00 7.73573537e-01 3.23053817e+00 8.58412093e-01
 3.83048318e-01 8.88354888e-01 5.08966461e+00 7.61095781e+00
 1.07343849e+00 1.20246475e+00 7.07342671e-01 1.91992766e+00
 7.04671097e+00 3.04859310e-01 4.28156238e-01 9.73395921e-02
 7.61150036e-01 3.76272357e+00 3.08957405e-01 8.09185395e-01
 2.47412769e+00 6.97811196e-01 5.08141787e-01 3.67394653e+00
 7.12559853e+00 1.08773750e+00 8.29477350e-01 1.26247318e+00
 1.29776349e+00 2.12893336e+00 2.63085616e+00 9.84791973e-01
 7.89046880e+00 2.59974999e+00 4.93328541e-01 8.41311599e-01
 3.11212387e+00 3.01281830e-01 5.58111941e+00 1.28941758e-01
 2.46594438e+00 6.87829462e-01 2.49295445e+00 2.05737640e+00
 8.85062900e+00 1.43348083e+00 2.70121010e+00 6.18549855e+00
 1.37005978e-01 7.91954837e-01 4.57078661e+00 2.75704744e+00
 1.40805189e+00 1.81770758e-01 7.84188716e-01 1.01025441e-01
 1.43273839e+00 6.53813655e-01 3.50911719e+00 1.92909156e+00
 2.61700882e+00 1.67362419e+00 1.66464337e-01 1.26810762e+00
 1.39421423e+00 1.03718627e+00 1.38253530e-01 3.11472394e+00
 2.19598158e-01 2.53998963e+00 2.16630615e+00 8.53620826e-01
 1.08940183e+00 3.12310934e+00 2.13709350e-01 4.50181752e-01
 1.01141171e+00 2.59881312e+00 9.29798243e-01 1.40372087e-01
 5.04244684e-01 1.03967013e+00 4.25569415e-01 4.13636732e+00
 3.41209298e-01 4.22249716e-01 8.98288868e-01 6.82921485e-02
 1.79358580e+00 6.20228342e+00 7.66973898e-02 3.64093526e+00
 2.73219021e+00 8.95303997e-01 1.85199283e+00 9.76538496e-01
 1.64927687e+00 5.90265348e+00 3.04514215e+00 1.16541900e+00
 4.75722977e-01 9.27646534e+00 4.47887690e-01 2.79785431e+00
 3.03587551e+00 2.41182515e+00 6.25627696e+00 5.64424845e-01
 1.49688135e+00 1.20108750e+00 3.97547444e-02 2.58543511e+00
 4.78676754e-02 5.12993216e-02 5.13364130e+00 9.20050648e-02
 4.36978626e-01 6.18364012e-01 1.06974454e+00 6.93686301e-01
 6.79559965e+00 2.72096222e+00 2.47763075e-01 3.80614997e+00
 1.06940464e-01 4.41262156e-01 2.96352000e+00 6.01888243e-01
 1.29465066e+00 6.36140744e-01 7.19524974e-01 9.79574835e-02
 8.02128451e-01 1.14386220e+00 1.45629898e+00 1.85211833e-01
 9.97477293e-01 3.60093016e-01 4.73664971e-01 4.09870983e-01
 3.64042204e+00 4.40733910e-01 2.62926927e+00 2.05188824e+00
 9.91061736e-01 1.67989930e+00 3.58465423e+00 4.77580278e+00
 2.25495453e+00 3.37075790e+00 3.29350755e-01 1.25370316e+00
 1.75415418e+00 8.61701410e-01 2.27817704e+00 2.39109577e+00
 3.09684091e+00 1.26373610e+00 3.73474082e-02 1.37413386e+00
 4.28666937e+00 7.83941112e+00 2.48253681e+00 3.24066112e-01
 8.92835058e+00 8.37511744e-01 1.94072541e+00 1.55428312e-01
 1.28329489e-01 2.33842933e+00 4.22479662e-01 2.35900040e-01
 8.24627807e-02 6.88684211e-01 1.46598068e+00 1.88952172e-01
 5.91477527e-01 2.17370997e+00 6.08094982e-01 1.08737770e+00
 5.67374970e-02 3.40677021e-01 4.66709107e-01 2.80554493e+00
 5.46937948e-01 4.17822114e-01 3.36058727e-01 1.11003009e+00
 9.92958943e-01 1.74585421e-01 1.49017127e+00 1.23679929e-01
 7.40385375e-01 2.08405081e-01 3.37974269e+00 6.23969002e-01
 7.89043603e-01 1.37182059e+00 4.01512413e+00 4.84745461e+00
 5.72639348e-03 1.85469023e+00 1.12872927e+00 2.80510321e+00
 2.44520819e-01 9.93821831e-01 1.28551691e+00 2.11694292e+00
 5.67959889e-01 5.38199136e-01 8.30733628e-01 1.24207356e+00
 1.36770073e+00 2.04213032e-01 3.86909868e+00 1.73006985e+00
 1.23925543e+00 2.91975106e-01 1.41249410e+00 1.19498739e+00
 4.38025737e-01 1.32684975e+00 8.02301407e-01 4.29709239e+00
 3.80467849e+00 3.93013894e+00 6.77764905e-01 2.05954994e+00
 8.58634063e-01 4.76296942e+00 4.06834581e+00 3.17672178e+00
 1.52932894e+00 5.89468318e+00 3.81731985e-01 3.95863018e-01
 1.39822790e+00 2.62260247e-01 1.85116979e+00 5.81523773e-01
 5.85382906e+00 3.32339264e+00 1.29756190e-01 5.86988953e+00
 1.10571492e+00 6.59341117e+00 3.06394053e+00 1.75109197e+00
 9.21459336e-01 1.39366002e+00 8.10467939e-01 2.98889073e+00
 3.95813858e+00 3.03901264e-01 3.23152558e+00 9.44503177e-01
 6.19264787e+00 2.86173962e-01 8.29386096e-01 8.04431168e-01
 5.00743133e+00 3.48336220e-01 9.28059853e-02 4.61128110e-01
 2.31471198e+00 2.32933059e+00 1.67863542e+00 9.17860064e-01
 3.24605776e+00 2.90443798e+00 6.64312931e-01 2.23055802e+00
 6.37697453e-01 2.05071587e-01 6.18382449e-01 4.93442045e-01
 1.83654648e+00 5.70302277e+00 3.08693629e+00 2.91517204e+00
 2.60325893e+00 3.79059973e-01 1.31805961e+00 8.15801007e-01
 7.09389477e-01 5.45801900e+00 2.90201373e-02 3.69804477e-01
 6.32521109e-01 3.20838681e-01 3.53134214e+00 6.11040756e+00
 1.15507136e-02 1.28296043e-01 1.67149375e+00 2.38266780e+00
 5.89817489e+00 5.46280510e+00 1.91732409e-02 5.52116135e+00
 5.83532741e-01 5.26571032e-01 1.00594938e+00 3.99372760e+00
 3.19876623e+00 2.50824554e+00 5.92743158e-01 3.68809293e+00
 1.54347231e+00 7.27196092e+00 1.46435959e+00 2.97258380e+00
 9.06944204e-01 1.73970702e+00 1.31329724e-02 1.15949285e+00
 5.18175916e+00 2.80878931e+00 1.18840822e-01 1.09451293e+01
 2.27515894e+00 2.26581173e-01 3.59237299e+00 4.22777360e-01
 2.86157441e+00 1.16803435e+00 3.68042987e+00 9.62387011e-01
 2.33529075e+00 2.73851920e-01 1.33027824e+01 1.33036107e+00
 5.02758871e-01 7.00194518e+00 9.21647676e+00 1.18520513e+01
 1.43410862e+00 2.44872464e-01 6.92837137e+00 1.27873447e+00
 3.30086397e+00 3.42831656e-01 9.54053418e-02 1.99225214e-01
 9.29784945e-01 5.70458098e+00 1.02790264e+00 5.07251416e-01
 1.94202687e+00 7.72977153e-01 4.31949539e+00 1.20559231e+00
 3.75770630e-01 4.30193300e-01 2.58379696e+00 3.45767981e+00
 4.51076898e+00 6.20639996e-01 1.48569395e-02 3.86197442e-01
 2.88978902e+00 2.88980648e+00 5.72928556e+00 2.51442738e+00
 2.51685471e+00 2.04087471e+00 5.50656785e-01 3.25375433e+00
 3.81535081e-01 5.67586551e+00 2.09067308e+00 7.69653993e+00
 1.39467400e+00 7.09292573e-01 8.67331626e-01 1.09275786e+00
 9.19188237e-01 4.85964591e+00 2.91774444e+00 6.61791162e+00
 5.67666272e-03 5.67445283e-01 6.52944651e+00 2.86771638e-01
 3.37337335e-01 4.57048120e-01 1.79450931e+00 1.36388438e+00
 3.84091079e+00 2.07273268e-01 2.22367740e+00 1.01819869e+00
 3.38602618e+00 7.93572392e-01 1.15966703e+00 1.12624916e-01
 5.25418474e+00 1.54556963e+00 6.80724980e+00 1.50091225e+00
 5.14585186e-01 5.62051724e-01 4.49948253e+00 8.98063011e+00
 2.31626876e+00 1.07827059e+00 3.63191812e+00 1.12670377e+00
 6.15019025e-02 2.48048466e+00 1.42724779e+00 4.23548033e+00
 3.92743254e+00 1.85306509e+00 1.42334888e+00 6.69214815e-01
 1.70010387e+00 1.13330395e+00 2.18195245e+00 9.36879622e+00
 1.96989194e+00 1.07526173e+00 6.06930833e-01 8.54802566e-01
 6.17857810e-01 1.51014649e+00 4.93458329e+00 2.09232941e+00
 9.73296579e-01 1.93519499e+00 3.65157010e+00 1.97598128e+00
 4.18791248e+00 8.73940276e-01 1.30924635e-01 3.00018139e+00
 2.50296630e+00 7.48154809e-01 2.39925128e+00 2.56386372e+00
 4.66199302e+00 5.78855497e+00 5.67498920e+00 4.53998117e-01
 5.26962320e-02 1.18457782e+00 1.54394607e-01 1.15306803e+00
 2.95002113e-01 1.26296760e+00 1.09091836e+01 3.89341551e+00
 1.21136686e+00 5.74142680e-01 4.68879528e-01 2.14943899e+00
 4.65756048e+00 1.78033628e+00 5.30786483e-01 6.77520132e-01
 4.35770483e-01 1.24656157e+00 1.63740785e+00 4.20458078e+00
 4.46152311e+00 8.99502637e+00 4.39559766e-01 3.04768927e-01
 1.41173701e+00 1.39716101e+00 4.23225423e+00 3.22117040e+00
 1.51536080e+00 1.72632503e+00 3.45265465e+00 3.53374966e+00
 2.41405383e+00 4.09727236e-01 2.80181832e+00 4.65242865e-01
 9.31674653e-01 1.11076789e+00 1.35559850e-01 1.61091071e+00
 2.01499165e-01 2.60755870e+00 8.03957133e+00 3.00535280e+00
 2.35200774e+00 8.57764190e-01 2.01924544e+00 8.95671946e+00
 1.39461561e+00 1.14977056e-01 2.62786176e+00 3.19849897e+00
 3.99385267e-01 8.46070191e-01 1.63156087e-01 2.56501651e+00
 1.21751561e+00 2.45412884e+00 2.83726008e+00 2.15327854e+00
 4.99821670e+00 5.34751786e-01 3.90445297e-01 8.50139435e-01
 7.46537914e-01 2.12889902e+00 2.35873700e+00 9.70797969e-01
 1.54313169e+00 1.68447474e+00 8.96488521e-01 1.44997111e+00
 3.77377252e-01 1.96574063e+00 2.04549493e+00 4.34694265e-01
 8.35221507e-01 4.37784259e+00 6.14418825e+00 1.87616750e+00
 3.47784683e+00 1.03974605e-01 3.96272890e-01 2.08085632e-01
 4.48627666e-01 7.97920121e-01 7.27116266e+00 1.15044296e+00
 7.79833329e+00 5.45981275e-01 1.18457988e+00 3.13226946e+00
 3.77119381e+00 1.72783758e+00 6.16945162e-03 3.13957909e+00
 2.23967875e+00 6.14662743e+00 2.28906273e-01 6.05979116e-01
 1.77997142e+00 9.01096652e-01 2.45768573e-01 2.22941245e+00