6.64199823e-01 1.71219371e-01 5.30249534e-02 8.89765767e-01
 3.92666227e-01 3.89412238e-01 3.50481602e-01 2.98835464e+00
 2.07667165e+00 4.22351868e-01 6.17893201e-01 2.97091982e+00
 9.65427409e-01 1.07110567e+00 8.45308655e-01 7.73810861e-01
 6.87076761e-01 3.45105197e+00 1.13706459e+00 1.32433241e+00
 2.87279598e-01 2.46139601e-01 1.54488197e+00 1.68379177e+00
 1.55685070e+00 7.26723063e-01 1.88961131e+00 1.00370917e+00
 4.92235513e-01 1.20335503e-01 1.23329391e-01 1.48950215e+00
 4.28392855e-01 2.27394615e+00 3.80618210e+00 3.42955539e-01
 6.00949614e+00 2.71220267e+00 3.37078516e-02 1.22406632e+00
 5.76363920e-01 3.24486598e+00 9.28838800e-01 5.21057779e-01
 1.73231889e+00 1.44197081e+00 1.00057453e+00 5.98245229e-01
 5.36908376e-01 1.20965884e-02 4.04587588e-01 9.30616232e-01
 6.84007015e-01 3.03617954e-01 2.21446923e+00 4.22195298e+00
 1.72986422e+00 5.14313373e-01 5.40337694e-02 2.20918019e+00
 2.54029015e-01 3.51871514e-01 5.86249816e-01 8.94530431e-02
 1.34058455e+00 3.05541701e-01 8.41874238e-01 3.84841254e-01
 1.70737821e+00 2.38576579e-01 2.81410299e+00 1.86972257e+00
 9.57599877e-01 3.43092411e-01 1.41536263e-01 2.35114481e-01
 9.21488684e-01 3.33146655e-02 1.76363975e+00 1.08664237e+00
 1.04228738e+00 2.04104012e+00 1.44028576e+00 6.14511774e-01
 1.71705622e+00 1.91221030e-01 3.06381528e+00 1.98850859e+00
 6.99494622e-01 1.69818271e+00 1.07751817e+00 2.43538601e+00
 1.17583542e+00 1.01365873e+00 4.41663646e-01 3.42046522e-01
 1.18517739e+00 6.65038864e-01 3.12341574e-01 5.97243011e-01
 2.68343769e+00 8.14917932e-01 1.75303464e+00 1.13408478e+00
 1.46663963e+00 4.88534385e-01 3.35785383e-01 2.69387982e-01
 2.83377720e+00 2.55849976e-01 1.23844475e+00 7.65353734e-01
 2.71115589e+00 3.78280683e+00 6.58658230e-01 3.05404093e-01
 1.68627342e+00 2.48112640e-01 4.59021626e-01 1.14611075e+00
 1.02921163e+00 5.90159205e-01 6.55102064e-01 2.33200685e-01
 4.68794182e-01 1.46716649e+00 2.50456865e+00 1.31986351e-01
 1.90242178e+00 1.24107052e+00 1.00655691e+00 7.79076617e-01
 8.83362596e-01 2.39583031e+00 1.65973559e-01 5.35467473e-01
 2.75231406e+00 3.24905660e-01 1.10626558e+00 1.48315318e+00
 9.12856653e-01 4.21356165e-01 2.03740485e+00 1.17422753e+00
 2.26215107e+00 5.32547079e-01 9.55215736e-01 2.05676292e+00
 2.75346623e-01 1.84228122e-01 4.27874776e-01 7.64603870e-01
 1.98000466e+00 2.65567980e-01 1.80580398e+00 6.65546073e-01
 1.56524719e+00 1.37380157e+00 8.27891536e-01 1.13211963e+00
 3.64500178e-01 6.50625265e-01 5.17511844e-01 8.19432382e-01
 1.27852107e+00 1.49086618e-01 2.38145407e-01 7.48784187e-01
 1.89833969e+00 4.85519123e-01 1.17960550e+00 6.80080686e-01
 8.24541572e-01 6.97036650e-02 1.49088478e+00 1.42402196e-01
 1.93610776e+00 1.19752524e-02 1.33660172e+00 6.74765302e-01
 8.54824143e-01 3.42363396e+00 2.32128570e-01 4.08433918e-01
 1.09080645e+00 1.01129471e+00 4.01045932e-01 4.84266724e-01
 6.22555753e-02 7.30866514e-02 6.39783137e-01 9.44000025e-01
 2.98136915e-01 3.45417258e+00 5.89264314e-02 1.79422023e+00
 4.70567374e-02 1.62179277e-01 2.65350741e+00 9.82577894e-01
 2.42439015e+00 1.27399279e+00 1.87529164e+00 1.03319434e-01
 7.14586180e-01 1.53217402e-01 3.06592203e-01 2.81854476e+00
 8.81567812e-01 4.88767006e-01 3.91909902e-01 1.16673234e+00
 1.03649795e+00 6.92919783e-01 6.80922475e-01 1.36746247e+00
 8.71027762e-01 2.04477196e+00 1.74145685e+00 7.81328897e-01
 6.30147585e-01 9.44606764e-01 8.33278646e-01 3.85952566e-02
 2.03408331e-01 7.53309320e-01 7.48643653e-01 1.06325848e+00
 1.92124586e+00 3.21208214e-01 8.75089170e-01 8.64837909e-03
 8.10336827e-01 2.34076806e-01 4.10801134e-01 9.62935392e-01
 3.58034725e-01 7.14046941e-01 2.06690428e-02 7.27429629e-01
 4.72868704e-01 1.81344439e+00 8.55884727e-02 8.33977992e-02
 1.57574317e-01 8.76879768e-01 2.20395039e+00 3.43930643e-02
 1.54249370e-01 3.68680380e-01 1.34067581e-01 4.37057586e-01
 8.00479309e-01 1.33488470e+00 2.55691080e-01 1.28984482e+00
 6.10031295e-01 5.00570983e-01 7.40806714e-01 2.00306492e-01
 6.17696067e-01 2.35422580e-02 1.67076827e-01 1.22125324e+00
 4.81078745e-01 4.03755975e-01 4.07146985e-01 5.18870284e-01
 1.95608578e+00 7.31679545e-01 1.08485564e+00 8.60779918e-02
 5.90442162e-01 1.17551936e+00 2.20183196e+00 4.14789239e-01
 2.24632985e-01 1.06555469e+00 7.35650894e-01 1.05745687e+00
 2.06268015e+00 2.39828011e+00 5.20825728e-01 8.87659508e-01
 6.70409451e-01 2.71610063e-01 5.53142104e-01 2.32097346e-01
 2.68628609e-01 8.49074067e-01 1.24006001e-01 6.28546285e-01
 7.36209972e-02 1.82064602e+00 5.31042756e-01 3.61496469e-01
 1.22998359e-01 6.87285173e-01 1.08993737e+00 1.33855351e+00
 2.86095239e-01 7.27725494e-01 2.53358532e+00 1.42005658e+00
 3.22471873e-01 1.28027655e+00 2.44612034e+00 7.20196639e-01
 3.99644970e-01 6.07522101e-01 5.88112638e-01 1.75165443e-01
 3.05748831e+00 3.77226185e-01 1.41584762e+00 3.69111102e+00
 2.22538274e-02 3.37190734e+00 6.11629998e-01 1.92190124e+00
 8.16367424e-01 9.94353810e-01 2.37516209e-01 9.46583527e-01
 7.78960153e-01 5.51475840e-02 2.80122091e+00 6.64548781e-01
 1.31994551e+00 7.83021953e-02 1.61696336e+00 7.88782653e-02
 2.87665022e+00 4.65430964e-01 2.21093721e-01 3.58298677e-02
 8.01786910e-01 1.35231182e+00 1.21781709e-01 2.87994467e-02
 1.81286593e-01 5.96921058e-01 1.33997775e+00 1.34802178e+00
 1.10553742e-01 3.08234856e-01 3.37312740e-01 3.72325555e-03
 5.22316728e+00 1.67344506e+00 1.15689515e+00 2.86418253e-01
 2.83669125e-01 1.94775931e-01 8.12688125e-01 2.89490826e-01
 2.17402881e+00 2.30318221e+00 3.73512268e-01 1.95270320e-02
 3.36551862e-01 1.38335151e-01 1.91910397e+00 1.24936601e+00
 6.19474834e+00 9.93977333e-01 2.63128406e-01 4.45924298e-01
 1.71130578e-01 1.05040902e+00 3.11660877e-01 3.24108833e-01
 5.43888502e-01 1.72938795e-01 4.36622136e-01 7.34767666e-01
 1.41466257e+00 2.15270474e+00 3.99103732e-01 1.82321897e-01
 1.09224419e+00 7.71031172e-01 1.95787790e+00 2.34873165e-01
 4.60963944e-02 8.40946068e-01 8.36791326e-01 1.55895803e+00
 4.74012441e-01 1.74506804e+00 7.14804721e-02 1.98248631e-02
 6.20498480e-01 6.35046801e-01 7.18547421e-01 3.79950666e-01
 2.63188588e-01 2.04333536e+00 7.66906135e-01 8.95538020e-01
 8.16829374e-01 1.30863510e-01 3.55355098e-01 2.82091942e+00
 2.18390059e+00 3.25150535e+00 5.89907563e-01 8.19092599e-01
 1.00093569e+00 4.96300405e-01 1.10383652e+00 3.96875694e-01
 2.59523109e-01 1.28677143e+00 4.43470383e+00 1.68496828e+00
 1.15346793e+00 3.41250918e-02 1.45363625e-02 1.63208939e+00
 1.29607141e+00 4.71260821e-01 8.01238003e-01 1.03539583e+00
 1.38463198e+00 2.61334143e-01 3.93678767e-01 1.92307077e+00
 1.69281161e+00 8.04541771e-01 4.79167894e+00 3.37850018e-01
 5.39348865e-01 1.39371879e-01 2.09112744e+00 1.40764661e-01
 1.42143922e+00 1.14305183e-01 2.98627224e-01 8.88063152e-01
 1.33787383e-01 1.12695249e+00 1.90882283e+00 3.87364781e-02
 4.80789550e-02 1.72585102e-01 5.61646796e-01 7.54847611e-01
 1.28471901e+00 4.98307077e-01 5.55836428e-01 2.28555989e-01
 2.68841087e+00 1.27987500e+00 1.25937489e+00 1.80409955e+00
 6.54604530e-02 1.12390490e-01 5.41118179e-01 7.61557575e-01
 3.11770631e+00 2.77551740e-01 2.24381407e-01 4.92713930e-01
 1.61362337e+00 1.00472329e+00 1.97524466e+00 9.08744398e-01
 4.17039305e-01 8.21429298e-01 2.60516104e-01 1.79303416e-01
 8.07948283e-02 1.10017696e+00 1.21429418e-01 5.98720581e-01
 7.53977841e-01 6.57817007e-02 1.45189605e+00 1.17234900e+00
 9.18078186e-01 9.63529128e-01 1.00202618e+00 1.76085988e+00
 1.09962853e-01 1.51135999e+00 2.07491767e-01 3.32249794e+00
 2.92958922e-02 1.98208264e+00 1.35393606e+00 2.29912630e+00
 6.11098148e-01 3.84127346e-01 5.09806492e-01 1.24511641e+00
 3.31438359e-01 2.49934546e+00 2.95378699e-01 1.28216362e-01
 1.78815992e+00 7.96057785e-01 1.21993794e+00 5.41273671e-01
 9.33780511e-01 4.07090152e+00 1.98472218e+00 9.41806121e-01
 2.53226836e-01 6.91852246e-01 8.91359876e-01 2.95871129e-01
 7.13614254e-01 1.12538457e+00 3.07158469e+00 2.17847822e+00
 1.91780254e+00 6.55891108e-01 1.11136752e+00 3.12857699e-01
 2.53064046e-01 1.59781606e+00 4.85009992e-01 1.16989706e+00
 3.55877354e-01 8.91389319e-01 6.83128263e-01 4.90285608e-01
 1.63335677e+00 6.64421886e-01 3.57556884e-01 3.12879331e-01
 2.44898615e+00 7.15346203e-01 2.65410921e-01 3.30851219e-01
 2.50376590e-01 1.21590653e+00 7.69334650e-01 6.32444133e-01
 3.81356438e-01 1.60054139e+00 2.44964369e-01 1.21126107e+00
 8.93157892e-01 1.70308085e-01 1.71822741e+00 1.52166192e+00
 1.26937310e+00 1.27100883e+00 5.96588239e-01 2.75937155e-02
 9.34223048e-01 1.00490508e+00 6.94386218e-01 1.62889324e-01
 1.53015031e-01 9.67194361e-01 1.32590013e-01 4.62973565e+00
 7.63599655e-02 2.68598461e+00 3.16845821e-02 5.02443684e-02
 8.31575372e-01 2.37733779e-02 1.18170795e+00 1.81729325e-01
 1.23851259e-01 9.44215494e-03 3.57281793e-01 1.09183431e+00
 1.35314302e+00 8.35018022e-01 1.47161424e-01 1.69307145e+00
 2.42252720e+00 2.56817502e-01 6.62040152e-01 1.13609066e+00
 2.94570032e+00 3.27427174e-01 2.78025036e-01 1.14781255e+00
 4.20165971e-01 3.31238493e-01 1.21613402e+00 1.07928916e+00
 5.38661528e-01 2.43425179e-01 2.83433548e-01 1.26391386e+00
 6.27624225e-01 1.80736979e+00 6.78861500e-01 4.84036171e+00
 2.80100663e-01 1.49568265e+00 2.66629852e+00 1.22621392e+00
 1.93832895e-01 8.97204113e-01 6.74638050e-01 6.03363942e-01
 8.24442847e-01 1.22972193e+00 2.08313800e+00 1.01393888e-01
 1.12396191e+00 2.82862467e-01 1.13069666e+00 1.40792754e-01
 4.67298257e-01 1.01162530e-01 4.13448529e-01 9.41638229e-01
 9.99200688e-01 2.34697610e+00 4.44260121e-01 3.30378021e-01
 7.63491859e-01 2.10468481e-01 4.47531073e+00 8.04897436e-01
 1.74540670e-01 1.51711962e-01 2.32431172e+00 9.15575526e-01
 1.57827456e+00 8.92815270e-01 1.68374174e+00 6.78296172e-01
 1.03791069e+00 4.15539413e-01 1.33289469e-01 2.49181050e-01
 1.72726637e+00 8.33633231e-01 1.07803609e+00 3.71319383e-02
 1.29624382e+00 2.38020990e+00 2.09897251e+00 3.31832504e+00
 2.55862020e+00 1.62838401e+00 1.02211889e+00 1.81122228e+00
 4.56042440e-02 4.45796737e-01 1.82639163e+00 2.36965832e-01
 8.78670301e-01 1.07904910e+00 5.91718698e-03 7.86990798e-01
 5.11360018e-01 1.23273019e+00 5.32905081e-01 4.22811459e-01
 6.95976989e-01 6.73068472e-03 1.11828599e+00 3.19389251e+00
 8.31609282e-01 8.24453344e-01 1.12707586e+00 2.87109825e+00
 1.92465302e+00 9.88969989e-01 2.00699465e-01 6.62762126e-02
 2.45133550e-03 1.51881768e-01 3.70769389e+00 4.17758755e-02
 8.70814516e-01 4.12409494e-01 1.13694557e-01 1.09093157e-01
 4.34113523e-01 2.44309978e+00 4.22360420e-01 7.82696393e-01
 3.66489668e+00 3.72186048e-01 2.70842770e+00 2.15620890e+00
 2.97932744e-01 1.34132445e+00 4.95886116e-01 3.12124289e+00
 3.12438554e-01 1.28675399e+00 9.42177222e-01 3.94861913e+00
 5.32180520e-01 6.67519951e-01 2.20518782e+00 1.63820578e+00
 1.33562005e+00 3.71343809e+00 6.78354106e-01 6.23251808e-01
 3.31300966e-01 8.73383555e-01 3.66412135e+00 1.05919917e+00
 1.55913305e-01 1.06986656e+00 1.13852061e+00 2.85354704e-01
 1.64219159e-01 7.13431815e-01 7.67108602e-01 1.20892007e+00
 8.84086436e-01 7.99475058e-01 4.25597992e-01 1.77387005e+00
 1.23563966e+00 1.98298724e-01 1.23613994e-01 3.32543118e-01
 1.35098201e+00 6.51487088e-01 1.67359186e-03 1.39825582e+00
 1.40290898e+00 1.67084095e-01 1.22173131e-01 5.96424388e-01
 1.72318295e+00 3.22051481e-03 3.67380557e+00 7.82506199e-01
 6.25903867e-01 4.46107174e-01 3.52874769e-02 6.92535894e-01
 1.15809456e-01 6.53736027e-01 5.40793807e-01 1.74416894e+00
 2.16749732e-01 1.37683505e+00 3.76323061e+00 2.76984694e+00
 8.72867447e-01 1.81062504e-02 2.69406876e+00 2.02786535e+00
 1.38997351e+00 2.23308431e-01 1.88158220e-01 3.58602866e-01
 4.44537078e-01 6.49468491e-01 5.14673692e-01 5.85329837e-01
 3.52382195e-02 2.80565265e+00 1.07899949e+00 1.99680631e+00
 1.52275338e+00 1.79265382e+00 7.24244058e-01 5.52489410e-01
 1.36908858e+00 5.64392751e-01 3.06483215e+00 1.05950403e+00
 8.20500048e-01 3.75092134e-01 1.93297860e-01 2.89571999e+00
 8.30061465e-01 1.36501638e+00 3.64509398e-01 5.02417963e-01
 2.14301326e+00 2.45646268e-01 3.73261372e-01 2.45576134e-01
 8.25509807e-01 8.70145760e-01 7.25488547e-01 4.09164430e+00
 8.00812796e-01 1.46083107e-01 2.17776190e+00 1.19349859e+00
 1.94163335e-01 7.90327044e-01 2.65268079e+00 5.90590505e-01
 1.38645931e+00 7.79147079e-01 1.06574739e+00 1.84442319e-01
 1.73095124e+00 8.27549782e-01 2.20854191e-01 1.45146414e-01
 3.39350905e-01 1.00025720e+00 9.86736593e-01 1.27075852e+00
 9.57467043e-01 1.51223907e+00 1.79697298e+00 7.22630152e-01
 2.94127612e-01 4.84533352e-03 1.02745042e+00 5.70847248e-01
 1.63414585e+00 1.32532145e-01 1.93756578e+00 3.67425826e+00
 3.59166172e-01 2.08891294e+00 1.42929229e+00 1.86534086e+00
 1.65336582e+00 7.49420753e-01 4.39072264e-01 1.17322716e-01
 9.29437322e-02 1.18215598e+00 1.22136108e+00 1.87241434e-01
 1.51453172e+00 1.16731988e+00 2.64380053e-01 3.09483753e+00
 1.93541478e-01 1.83671871e+00 1.12633189e+00 6.75365856e-01
 8.21253137e-01 1.98820645e-01 8.46847974e-01 3.55819072e+00
 2.86112908e-01 7.62809940e-01 3.13432885e+00 2.15434796e-01
 2.44294389e-01 8.11961161e-01 8.23025550e-01 2.46239529e+00
 1.01529726e+00 1.51848047e-01 4.19376006e-01 1.28496596e+00
 6.99950626e-01 6.37508270e-01 8.85607969e-01 2.18356780e-01
 1.90923706e-01 1.47657841e+00 1.34007700e+00 6.05457181e-01
 5.46875160e-01 7.02766409e-01 1.71015371e-01 2.89369842e+00
 1.15754587e-02 2.87168259e+00 4.20258034e-01 8.85742553e-01
 6.65655887e-01 1.76027190e+00 2.22735288e+00 4.91744377e-01
 2.87539261e+00 6.82638487e-01 6.75728840e-02 1.40148692e+00
 1.19469875e+00 1.94884020e-01 7.07590435e-01 8.03022932e-01
 1.32694598e+00 5.62151820e-01 4.01055212e+00 2.61868701e-01
 1.43445864e-01 6.38757893e-01 7.56536717e-01 3.43609372e-01
 1.05756526e+00 4.10927352e-01 4.98535381e-01 3.59753477e-01
 3.41697877e+00 1.17435978e-01 4.65169688e-01 1.93870377e+00
 2.54754397e+00 2.06342166e-01 2.69822382e-01 2.39360973e+00
 1.78846758e+00 1.69522128e-01 8.75885097e-01 4.71700886e-01
 1.10377789e+00 4.21219767e-02 5.35599018e-01 4.00435501e-01
 3.65587699e-01 8.46899613e-02 1.01416618e+00 6.72171670e-01
 3.53931101e-01 2.57888627e-01 1.21899905e+00 1.00832070e+00
 5.04357040e+00 8.53619160e-01 4.85370851e-02 1.53778271e+00
 1.55470962e+00 3.11176483e-01 8.69533331e-01 1.16777256e+00
 9.96731625e-01 2.47902309e+00 2.66896641e+00 6.35789221e-01
 3.46471248e-01 7.29032257e-02 2.65355090e+00 3.66679590e+00
 3.74030541e+00 1.01786899e-01 1.32963670e-01 2.03239456e-02
 6.99440586e-01 1.12867730e+00 1.62111664e+00 2.99989216e-01
 1.25663497e+00 8.70414019e-02 6.15793582e-01 1.89603157e+00
 2.38501767e-01 2.66081886e+00 2.45252344e-01 2.33116694e+00
 1.43769310e+00 5.22641769e-01 1.31055673e+00 1.06796797e+00
 1.03344060e+00 1.98404017e+00 1.96480141e+00 3.43667370e-01
 5.20580209e-01 1.71343032e-01 6.13783383e-01 3.98030705e-01
 7.26349818e-01 7.33024767e-01 5.14902135e-01 4.32422613e+00
 1.63500017e+00 1.03284314e+00 2.11547750e-03 1.04950770e+00
 2.94780410e+00 1.07374786e-01 1.27487459e-01 2.31924219e+00
 9.68643253e-01 2.80482660e-01 3.04598736e-01 1.35313908e+00
 2.50999891e-01 8.10339910e-01 1.53623402e+00 4.17671582e-01
 1.47438311e+00 2.30529065e-01 1.83420403e-01 5.26416699e-01
 1.30237023e+00 1.43185665e+00 2.47367932e-02 1.63042226e-01
 6.39833425e-01 4.25362102e-01 6.24933887e-01 2.10860167e+00
 5.54323591e-01 5.75334611e-01 4.78207387e-01 9.00244352e-01