1.39236141e+00 1.59267715e-01 1.12305981e-01 8.35987215e+00
 3.49463067e-01 5.11886218e+00 3.59570809e+00 2.88935634e+00
 3.01466518e+00 5.78160965e-01 3.49856593e+00 1.65496555e+00
 1.85694064e+00 1.44078958e+00 1.24578993e+00 2.34870635e+00
 3.44206712e-01 8.92638447e-01 6.67168311e-01 7.26528364e-01
 1.57031848e+00 9.27486640e+00 8.78277459e-01 1.70395999e+00
 1.29361619e-01 8.18591792e-01 3.19006900e+00 4.84681966e+00
 2.21475294e+00 2.34294124e+00 3.64344334e-01 2.06951073e+00
 2.49680936e+00 6.49132718e-01 4.23399419e-01 2.04444889e-01
 4.01538092e-01 5.98810898e+00 1.35976895e+00 3.77551724e+00
 1.44233288e+00 1.78928948e+00 1.34423190e+00 2.97910142e-01
 4.32754083e+00 1.06635106e+00 2.49205158e+00 1.85990406e+00
 1.46136942e-01 2.48752971e-02 6.52844053e-02 1.59840584e+00
 1.69607685e+00 6.63857147e-01 3.75527213e+00 5.27517382e+00
 5.42679431e-01 7.89403564e-01 3.24579507e+00 3.21434803e+00
 3.63480380e+00 2.20773068e-01 4.17882630e-01 2.10649025e-01
 8.70164720e-01 3.70313957e-01 1.22303285e+00 1.39174902e-01
 5.63199225e-01 2.68656198e+00 5.39605114e+00 4.61573720e-01
 1.25661956e+00 4.78040547e+00 1.16019115e+01 1.72686721e+00
 5.10744503e-01 3.58976906e+00 8.62832471e-01 1.00024291e+00
 1.48605595e-01 1.98017718e+00 2.02617053e+00 5.83050880e-01
 5.36452768e+00 7.97552116e+00 2.28692505e-01 5.87868227e-01
 1.18103629e+00 9.48694172e+00 1.52915788e+00 1.01040198e+00
 8.74798006e+00 1.56350494e-01 5.85197386e+00 9.21036787e-01
 7.03105056e-01 7.45033243e+00 4.14743394e+00 4.87966474e+00
 1.34348043e-01 8.02636926e-01 1.29414691e+00 7.09127311e-01
 2.66977214e+00 1.98557399e+00 2.69738950e+00 8.07625240e-02
 3.91281511e+00 1.12704351e+00 2.95432113e+00 8.05207835e-02
 1.01042494e+00 9.35665877e-01 2.55667162e-01 6.16664230e-01
 4.96763891e+00 2.56247946e+00 8.30515706e-01 5.08250946e+00
 4.90728939e+00 1.80613277e-01 7.01505714e-01 2.41527571e+00
 5.04992734e-01 3.37761000e-01 2.69688863e-02 9.21978645e-01
 2.62167787e+00 1.92453245e+00 1.58249613e+00 3.26939294e+00
 4.17566935e-01 3.36649191e-01 9.94920250e-01 7.24616178e-01
 1.38371744e-01 3.21265148e+00 2.78846263e+00 1.65330054e+00
 3.31385333e-01 2.33015198e+00 1.75196517e+00 5.03420464e-01
 4.76282186e+00 1.40724343e+00 2.51561484e+00 4.01455752e+00
 1.37158941e+00 1.50434745e+00 4.62904392e+00 2.28962704e+00
 2.61711084e+00 1.49728391e+00 4.24955834e+00 3.73106805e+00
 1.63855811e-01 8.04662549e-01 2.10522576e-01 3.38534648e-01
 3.01090324e+00 1.53594191e+00 1.85110644e+00 3.23580636e-01
 5.10376872e-01 1.95508962e+00 1.98580658e-01 3.98232723e+00
 3.94941239e-01 5.04547674e-01 1.10421514e+00 3.43597921e+00
 5.58388205e+00 1.05512440e+00 1.73018086e+00 2.38403586e+00
 1.61626905e+00 3.75447727e+00 5.77607413e-01 7.06519989e-01
 1.68103011e+00 3.98193846e-01 1.50613522e+00 3.34662610e+00
 3.36606216e-01 5.69034342e+00 2.21513307e+00 8.86378760e-01
 6.13358571e+00 2.43452111e-01 4.40349936e-01 7.70529370e-01
 2.95272865e+00 1.48258130e+00 2.50222066e+00 1.08002375e-01
 3.28809006e+00 1.64250014e+00 1.75496121e+00 6.68145499e+00
 1.68493976e-01 3.49469472e+00 6.36839007e-01 2.32127843e-01
 5.09339719e+00 2.36394348e+00 8.87217747e-02 1.23974539e+00
 1.06674934e-01 3.04300364e+00 1.19144012e+01 1.16430637e-01
 1.31767221e+00 1.84510730e+00 1.49824733e+00 2.07606474e+00
 1.36515609e-01 1.53590923e+00 4.73340776e+00 2.89132692e+00
 1.79963427e-01 2.20980074e+00 1.48935336e+00 1.21708214e+00
 2.38525410e-01 3.05598007e+00 2.91611531e+00 3.73400068e+00
 1.87295120e+00 9.26766906e-01 5.95725681e-01 2.73495743e+00
 1.68077622e+00 2.61872825e-01 2.38259647e+00 2.23418295e+00
 1.50210572e-01 1.14463078e+00 1.22280960e+00 4.72047482e-01
 3.33016220e-01 9.97263726e-01 5.34949556e-01 1.68907340e+00
 7.35102784e+00 1.29260445e+00 1.78340802e+00 1.17412412e+00
 1.93071118e-01 7.16786894e-01 3.48553611e+00 2.43636297e-01
 2.26307242e+00 1.81430064e+00 9.95787536e-01 4.34914104e-01
 1.47056875e+00 7.20214958e+00 1.81962763e+00 1.41870045e+00
 1.26189712e+00 4.43552746e+00 1.59730232e+00 1.32420659e+00
 2.25468069e+00 1.64554146e+00 3.19297717e-01 1.50273998e+00
 3.64672578e+00 2.94018760e+00 6.38583446e+00 1.23644946e+00
 2.00487343e+00 2.07877659e+00 8.52811174e-01 1.41323307e-02
 6.93699314e+00 2.81634840e+00 4.72304997e+00 5.75824414e-01
 4.23965268e-01 3.34957301e-01 1.26975256e+00 1.30488478e+00
 1.64441566e-01 1.64594133e+00 5.35090018e-01 3.76526032e-01
 1.69188561e+00 3.52327534e+00 1.76099865e-01 1.83086843e+00
 5.45877889e-02 8.49461949e-01 9.52566166e-01 5.72193442e+00
 1.10273185e+00 6.43050103e-02 9.00940083e+00 1.65295492e+00
 2.17662439e+00 2.34631172e+00 8.08101679e-01 1.95924568e+00
 6.51856807e-01 1.52011694e+00 1.77123520e+00 2.52602381e+00
 2.51133037e-01 5.58366145e-01 8.53425847e-01 1.46271372e+00
 1.19465622e+00 1.27155789e+00 7.30403811e-01 7.33332166e-01
 1.48776871e+00 4.33852914e+00 4.05618583e-01 5.67629150e-01
 4.96627671e+00 1.43859182e+00 8.10291988e-01 2.51614068e+00
 3.57660133e+00 6.50658360e-01 2.09840303e-02 1.12283691e-01
 4.24733693e-01 2.13077533e+00 4.55746213e+00 9.65631756e-01
 9.74624377e-01 3.46101305e-02 1.66708349e+00 9.90706099e-01
 1.17507813e+00 2.62605975e+00 8.87322272e+00 1.76345894e+00
 5.41243346e-01 2.54491468e-02 2.06018995e+00 4.57813013e+00
 2.17674278e+00 1.83283768e+00 4.44888774e+00 1.41234287e+00
 1.54407267e+00 1.13869711e+00 2.40907804e+00 1.18797837e+00
 4.60451833e+00 2.47651070e-01 4.48299823e+00 1.27355738e+00
 2.61226883e+00 9.80225511e-01 1.29242683e+00 1.12442605e+01
 6.93675616e-01 4.08460820e+00 6.45842934e+00 4.37750400e+00
 5.20741397e+00 1.28037884e+00 7.04614235e+00 1.98121476e+00
 1.84094719e+00 6.61539773e-02 7.12325039e-01 4.31481933e+00
 1.69130823e+00 2.06176093e-01 4.54506965e-01 6.09029036e-01
 1.12899584e-01 8.08677641e-01 6.62412534e-02 4.16709720e+00
 5.85575528e-01 2.19522563e+00 6.82772272e-01 7.81312844e+00
 4.44523244e+00 1.13314286e+00 5.71079188e-01 7.53162452e-03
 6.81441762e+00 1.14460819e-01 1.49029268e-01 7.39948095e+00
 2.15587328e+00 4.48228480e+00 6.18598534e-01 1.16877981e+00
 9.81357595e-01 1.09047574e+00 7.12460191e-02 4.19585525e-01
 3.70340665e+00 4.54068473e+00 5.78092886e-01 8.50635752e-01
 2.31468889e+00 4.77444872e-02 6.65642054e-01 1.43936985e+00
 1.54041921e+00 1.47082687e+00 8.02481748e-01 1.50878627e-01
 7.24968392e-01 9.12577874e-01 3.92363570e+00 1.95625516e-02
 1.91690920e+00 6.99731385e+00 3.82546949e-02 5.42740282e+00
 8.65142399e-01 9.40625152e+00 7.29535238e-01 4.25959139e-01
 1.87538864e+00 1.99591845e+00 5.06712235e-01 9.11345195e-01
 5.98499388e+00 4.68274374e-01 5.06443156e+00 1.58885315e-01
 2.55971838e-01 4.99902126e-01 2.54956793e+00 7.11946542e+00
 6.83326846e+00 1.47570411e+00 2.25321707e-01 1.78282178e+00
 1.81550041e+00 1.20864039e+00 7.53181668e-01 1.36047549e+00
 6.72336239e-01 9.61191853e+00 5.22391464e-01 2.55356489e-01
 7.03011232e+00 1.27543458e+00 5.46131614e-01 2.14617073e+00
 1.65027675e+00 1.10876877e+00 3.60736964e+00 8.43774699e-01
 4.41065305e-01 2.86639493e+00 5.30445602e+00 5.16715161e+00
 3.08946339e+00 7.86882958e-01 1.78807292e-01 7.22317878e+00
 6.37861518e+00 4.59430154e+00 2.33175752e+00 1.01612484e+01
 9.72034231e+00 4.31910233e+00 4.04473523e+00 2.49658258e+00
 1.42688275e+00 3.32121896e-01 5.96270893e-01 1.11467504e+00
 2.18859375e+00 2.29257516e-01 8.19769264e-01 6.91707464e-01
 3.45798265e+00 1.33473865e+00 1.85854970e-01 2.09163874e-01
 1.95586555e-01 9.33224358e-01 4.37579602e-01 9.52120246e-01
 1.98778400e+00 1.62292243e+00 1.65411478e+00 1.83154726e+00
 1.09079529e-01 9.84163230e-01 4.48145176e+00 1.10344792e+00
 1.25716381e+00 3.79185621e-01 8.53398586e-01 3.31817252e-01
 7.15151665e+00 1.03689829e+01 3.25916171e-01 5.55759352e+00
 3.25250874e+00 9.15016570e-01 3.95289601e+00 8.03522054e-01
 2.07183273e+00 2.13469034e-01 2.00190018e+00 1.92032230e-01
 5.29366949e-01 4.82198461e-01 1.19442329e+00 2.97508520e-01
 1.91949101e+00 2.11208351e+00 5.26026983e-01 7.88026301e-02
 1.40937271e+00 1.07477375e+00 3.69719380e-01 1.94944899e+00
 7.62261586e-01 5.91195884e-01 4.92220892e+00 3.16274504e-01
 8.47813240e-01 4.57727845e+00 5.62413789e-01 2.92758272e-01
 2.51125971e-01 1.61118159e+00 2.66081233e+00 3.06217484e-01
 1.84422090e-01 1.84576722e+00 2.47065347e-01 3.69575011e-01
 7.10069143e-01 3.21595153e-01 9.99035059e-01 3.53418301e+00
 9.41389528e-02 7.89667723e-01 1.46165929e+00 1.12542046e+00
 5.82891431e-03 2.59800720e-01 1.48472971e+00 1.91205485e+00
 4.91708968e-01 7.15726532e-01 2.29851760e+00 6.32653565e-01
 1.30446995e+00 1.09168432e+00 9.15429424e-01 4.22569739e+00
 3.32523858e-01 1.35133197e+00 2.00751054e+00 1.01338687e+00
 1.29116590e+00 2.86896242e+00 2.77236308e-02 2.83470153e-01
 7.87101513e-01 3.92555377e+00 3.20249295e+00 3.89276186e-01
 2.15924574e+00 1.85167471e-01 3.21309991e-01 3.03159800e+00
 1.55005017e+00 3.90053339e+00 1.25242813e+00 1.83526387e+00
 2.83730859e+00 8.97019462e-02 4.52096157e-01 9.00000774e+00
 4.45787289e+00 2.78132501e+00 4.69349066e+00 7.56752765e+00
 3.20439752e+00 7.62951308e+00 1.28339439e+00 3.74950680e+00
 1.00412956e-01 8.83027756e-02 1.53405563e+00 5.72563650e+00
 1.76105442e+00 1.91226680e+00 1.19179039e+00 1.31010349e+00
 6.75480372e+00 2.80247226e+00 1.02578922e+00 2.63972601e-01
 7.49418155e-01 2.31066826e+00 2.50702792e+00 2.46605239e-01
 7.43175016e-01 1.95975166e+00 3.88297394e-02 8.83977267e+00
 2.28872769e+00 9.38710363e-01 7.68249924e-01 5.03727154e-01
 2.70978806e-01 1.25834997e+00 1.60841164e+00 4.15577211e-01
 1.75758206e+00 2.27584440e-01 4.36652097e+00 6.18724086e+00
 4.21600800e-01 1.36564279e-01 1.60458106e+00 1.84213025e+00
 1.94369831e+00 5.16222695e+00 6.38974321e+00 5.28185093e-01
 7.16937680e-01 1.03638804e+00 1.45325585e+00 1.37456254e-01
 1.13156158e+00 1.50558698e+00 2.44299424e+00 1.71657069e+00
 1.71130173e+00 3.71400777e+00 2.25906158e+00 9.73577481e-01
 2.89877862e+00 2.68601089e+00 1.98139440e-01 2.28657755e+00
 5.20066624e-02 6.91354779e-02 4.16632144e-01 1.00244760e+00
 1.45983970e+00 1.43997553e+00 2.55165521e-01 5.07605153e+00
 6.22745709e-01 7.86950479e-01 1.74061379e+00 4.35727321e+00
 1.68455532e+00 1.60770430e+00 1.61047652e-01 1.16105294e+00
 5.40861632e-01 2.70952712e-01 1.86827362e+00 9.95987669e-02
 3.45184785e+00 1.38881149e+00 2.38348881e+00 1.79759622e+00
 1.02572504e+00 3.08781794e+00 5.25920032e+00 1.42736280e-02
 6.55276371e-01 1.61581043e+00 2.48586241e-01 1.09339814e+00
 3.07990627e-01 1.24849137e+00 6.64133509e-01 2.27562551e+00
 4.37612281e-01 3.69281457e-01 1.95172229e+00 3.23694964e+00
 5.41201346e+00 6.82965948e-01 6.81668450e-01 9.49638376e-01
 1.29492033e+00 1.30098669e+01 3.50010712e+00 4.24823254e+00
 3.86776685e+00 8.53660273e+00 2.90836129e-01 1.95263977e+00
 3.60471045e+00 2.17390651e+00 3.35849555e+00 3.47052830e-01
 4.03234457e+00 4.65511417e+00 1.29993357e+00 8.45113113e-02
 1.54158840e+00 3.43134649e+00 1.47335665e+00 3.57627524e+00
 1.74088299e-01 1.30428323e-01 2.20090623e-02 2.25856562e-01
 2.82309317e+00 4.42173835e+00 5.63882239e-01 4.36770649e+00
 9.64127259e-01 8.87237103e-01 3.19545088e+00 1.81599745e-01
 7.22226790e-01 1.07736735e+00 8.79606488e-01 3.56634894e+00
 4.16063263e-01 2.44417752e-01 3.00731106e-01 1.32493955e+00
 4.95548556e+00 8.81064920e-02 7.54852247e-01 4.13085228e+00
 3.17907617e+00 3.92832107e+00 1.93683338e-01 1.24568744e-01
 7.19664556e+00 1.03347360e-01 2.53299805e+00 3.62436860e-01
 1.10291376e+00 2.11649752e+00 4.98520570e-01 2.88973839e+00
 3.19582361e+00 3.70039450e+00 7.86154596e-01 1.14787913e-01
 7.57607471e+00 3.86377026e+00 1.54120802e+00 1.19943269e-01
 2.02467146e+00 9.82326125e+00 1.16063100e+00 4.48431406e+00
 1.49336788e-01 2.26738023e+00 2.77867441e+00 4.70962712e-01
 1.74280001e+00 4.21807025e+00 3.63496813e-01 1.44177598e+00
 8.26502352e-01 1.19773747e+00 7.54261730e+00 2.18392895e+00
 1.92709919e+00 2.16580868e+00 1.07391876e+00 6.22832935e-01
 5.06389982e-01 1.08755108e+01 2.06685796e+00 8.57869525e-02
 6.28820635e-01 1.00151653e+00 1.29158039e+00 1.10976096e+00
 1.59242494e+00 2.72003040e+00 2.59113979e+00 1.95884644e-01
 1.25118515e+00 8.46717262e-01 1.24750859e+00 7.41618709e-01
 7.98319388e+00 2.71990983e+00 1.89254550e-01 3.00548889e-01
 8.41859712e+00 1.29287288e+00 1.31114355e+00 2.43812587e-01
 5.04989171e-01 2.32064615e+00 4.96971461e-01 6.51240298e-01
 3.10645186e-01 3.41946671e-01 7.30731329e+00 1.52939755e-01
 1.17579811e+01 1.43257866e-01 7.71542957e-01 9.97206978e-01
 4.21731785e+00 1.56231097e+00 1.48350315e+00 3.33277134e+00
 1.19184483e+00 2.32845415e+00 2.41237297e-01 1.21894733e+00
 2.15636694e+00 2.79520596e-02 1.01242198e+00 2.57625987e+00
 1.49724564e+00 6.64507142e+00 3.19876593e-01 9.93216532e-01
 2.03155156e+00 1.97202859e-01 1.56087948e+00 2.80888168e+00
 9.47943829e-01 1.92158504e-01 6.84864723e-01 1.33267079e+00
 5.78907886e+00 3.21963296e+00 2.69887817e+00 7.76102654e+00
 2.01409432e+00 5.16758037e+00 3.44489318e+00 1.47970374e+00
 9.34200324e-01 2.63152198e+00 3.98953901e+00 1.99943727e+00
 1.34633313e+00 3.90809503e-01 3.63591698e+00 8.96433531e-02
 2.48564247e+00 5.64458707e+00 2.20009207e-01 2.48555901e+00
 9.34945799e-01 6.88614441e+00 2.08005901e+00 1.48287614e+00
 5.58522699e+00 6.30056633e-01 3.97715749e-01 1.03216636e+00
 2.45360806e-01 1.55394647e+00 5.05124832e+00 2.14286284e+00
 2.90014850e-01 3.45770076e+00 1.36796872e-02 6.15108234e-01
 1.66908040e-01 6.83795290e+00 6.15584218e+00 3.92975174e+00
 3.55761037e+00 1.03233708e-01 7.24643031e-01 3.28307645e+00
 2.40513916e-01 2.51236813e+00 4.03752214e-01 2.91065664e-01
 3.70940430e-02 3.95628658e-02 7.40182582e-02 1.08913900e+00
 6.69957351e-02 5.69141437e-01 3.96410122e-01 1.13862250e+00
 4.52689251e+00 2.64396504e+00 1.41223124e+00 3.06352566e+00
 1.30837497e+00 1.29570042e+00 7.05123453e+00 1.44640660e+00
 2.59624160e+00 4.49600249e-01 2.80080837e-01 1.07623715e+00
 1.76699684e+00 7.57415095e+00 1.15608409e+00 1.05381656e+00
 3.42655056e+00 7.16918991e+00 1.60476050e-01 1.53379722e-01
 2.95999580e+00 4.59315190e+00 3.53748274e+00 4.52466786e-01
 7.30110403e-02 2.95895250e-01 4.75613644e+00 9.96072383e+00
 8.35205635e-01 1.96407755e+00 6.02980459e-01 2.92955988e+00
 9.28962222e-01 1.03966784e+00 2.39423305e+00 2.27970162e+00
 3.63272224e+00 4.08191849e+00 2.87795455e+00 1.97986123e+00
 9.36668861e-04 1.41001260e-01 5.14712466e-01 3.81169080e-01
 2.27242021e+00 8.25873579e+00 3.55544347e-01 3.65568138e+00
 1.02237448e+00 7.11896052e-01 1.40788589e+00 2.71066827e+00
 1.20305540e+00 3.56186833e+00 3.68225442e-01 1.65065522e+00
 1.12622853e+00 9.76732995e-01 1.11297852e+00 4.51167563e-01
 2.21809912e+00 1.29284594e+00 4.21430866e-01 9.97720504e-01
 6.98887575e-01 7.60203943e-01 4.11082533e+00 3.13918775e-01
 4.19974933e+00 8.07641485e-01 1.85574993e+00 2.20122469e+00
 6.06119743e-01 4.49617023e+00 4.79974976e+00 1.34246506e-01
 6.32171091e-02 3.67821157e+00 1.04938634e+00 1.59247704e+00
 1.42748556e+00 1.00628514e+00 3.78914272e-01 1.15246229e+00
 1.18282014e+00 1.61567836e+00 1.57371040e+00 5.76355465e-01
 1.79001477e+00 1.12977432e+00 2.56919890e-01 1.35250345e-01
 3.88879732e+00 1.65638127e+00 8.55937392e-01 1.30002202e-01
 7.72041830e-01 4.02756571e+00 4.90227615e-01 3.93007583e+00
 3.05289807e+00 1.64102416e+00 4.04546348e-01 1.68787913e+00
 3.13264065e-02 4.64936325e-01 2.55426032e+00 2.20722671e+00