12.0875351  13.42991117 13.61171858 11.05372691 12.38018963 11.5636598
 12.76881321 13.08665409 12.23160194 12.79256353 13.87553753 13.98471125
 13.25077609 12.95849905 12.58923521 13.04741245 11.72539376 11.1588836
 10.98493429 12.41127796 12.38689876 13.23691252 11.48968167 13.96429513
 12.59393106 12.41302779 14.02123091 11.79346363 12.40074457 13.79613354
 12.67695109 12.11468852 13.40166873 11.92147786 14.30366414 12.75767887
 12.11497523 10.67890068 12.99383557 12.78346903 13.63762582 12.36294642
 13.15490282 12.56608308 12.61719625 12.91116587 13.66427085 13.03830653
 12.09997212 13.32873389 12.75808642 14.19769308 10.70000411 11.26466552
 13.71547087 11.35805637 13.74280407 11.93562614 11.88905155 10.66693824
 12.62208688 13.35360224 13.08552171 12.62812022 11.80909711 14.36163452
 14.15328367 11.83949063 11.78771102 14.72026677 13.17865229 14.60198571
 12.45071398 13.33974944 13.57341321 14.74830201 13.21577555 12.97557584
 11.59128876 14.40603057 13.02947127 12.25108962 13.01734218 12.49306958
 12.21844585 10.95532352 12.1603069  11.67483496 13.15549769 13.13176423
 11.33684249 11.81935584 12.65980311 11.40335198 12.90359864 13.09233193
 12.28796835 12.70737598 11.49096442 12.87063275 14.16004207 12.91660389
 12.25141789 13.91513588 12.61922461 10.92249463 13.40533838 13.42888712
 14.21634847 13.03074498 11.88407199 13.25340066 11.79484181 11.92633011
 12.14034974 10.86046788 13.33038104 13.39397762 11.885657   14.75393227
 11.85078779 11.32778146 11.82096897 11.75258678 13.32013085 12.2330477
 13.22852409 12.05457571 10.53195407 13.19629295 12.22701421 12.16688936
 12.81752056 13.53864083 10.76514813 10.65067929 13.13719837 12.55080364
 12.50527003 13.38761483 13.99414034 12.69969534 12.42709069 12.8194838
 13.05812839 13.32230693 11.76791958 12.6402367  13.93708191 10.7647267
 12.64544957 14.17962391 13.90385378 11.95038537 12.99911075 12.13219054
 12.80395291 14.30280581 12.85026879 14.04416776 13.46643268 11.12566018
 13.39818678 10.75984081 13.17553238 14.48173863 14.71833739 13.25829302
 12.89175423 11.92963229 12.04851555 13.66575793 12.68474485 13.57078942
 14.06801594 13.93137872 11.26421796 11.34455522 12.65050292 14.69460045
 13.83814124 12.10395194 11.03558221 12.67508069 12.32074023 12.57188829
 12.83495631 13.26599735 13.34338122 12.67528131 13.42728629 12.83888766
 14.16135316 12.70994869 14.29538542 13.76143464 13.13462761 13.08547902
 12.82607728 14.6076468  12.64877439 13.17880637 12.09004317 11.49219294
 12.3153193  13.39141334 11.95746435 12.14423291 10.98348541 13.30101531
 14.3451484  13.77929927 13.3503467  12.19058269 12.11656973 13.81556938
 13.14948798 11.32369497 14.01692241 13.09668806 13.25810029 13.46528004
 13.96517261 13.23155308 12.73847685 12.68343138 12.71433351 12.70412712
 11.68569174 13.83495064 12.55911983 10.69691957 12.85750407 12.38275231
 13.97778432 13.28036725 12.19776913 11.68874498 13.03097206 11.80386063
 12.43208018 13.67726995 12.28846177 11.89786816 11.68174739 13.42807792
 12.38560913 14.09298004 13.84707312 12.85873329 13.33714488 12.89408779
 13.68701343 13.46418505 10.91841726 14.02758494 12.67804946 13.38895408
 14.37864988 11.44625819 13.90829388 12.96310145 12.69638151 12.66192957
 12.88761242 11.08584177 13.37982231 13.36811853 11.15426999 13.53556768
 12.85506606 12.75544795 13.1108735  13.22996327 13.97385949 14.5754409
 13.98605096 13.48474893 13.13347252 13.17401678 12.21853276 12.88224458
 13.92196482 14.39767579 13.43771383 14.01013396 11.79317747 11.28354289
 11.60485996 11.95348837 13.06961839 13.83327728 11.24195551 12.68549561
 11.90632178 13.13896899 14.09948599 11.64162419 14.13321182 12.49031363
 14.02905359 14.15944689 11.77028289 12.91744378 12.06682869 13.03305459
 13.66191807 11.4538227  12.97801573 13.22396882 13.11552429 12.18023312
 13.02404526 12.01840115 13.59855645 11.31461348 13.42923562 14.23665707
 12.8032484  12.46864489 13.61691509 12.64671495 12.2371284  13.57440567
 13.48403603 13.97073156 13.63375964 13.98285331 11.05383409 13.13894983
 12.86691986 12.47168957 13.85076948 12.8126546  14.38639024 13.81961715
 14.32970451 12.83001622 14.51456313 12.92821131 13.90170405 12.06424608
 11.70368611 11.12176227 11.30890907 11.92442617 13.85829327 13.54569079
 12.23719785 11.51467579 10.72273794 13.1298671  13.70739516 13.0553782
 12.98643474 12.80608643 12.01896294 13.11096858 14.31977184 12.43245507
 11.33786351 13.60353284 11.68319535 13.37259539 13.53742713 14.23885742
 11.55685898 13.38112756 13.75634977 12.03083876 14.46705757 14.28763933
 12.98666329 12.50358035 13.28386083 14.21705102 11.07287742 11.36953867
 13.4570687  12.67072895 11.99234204 12.89042587 13.28661194 12.16524334
 13.16414782 12.17525815 12.81528069 13.40695229 12.04473242 13.07045866
 11.6040868  12.42596834 13.96805632 11.29890819 14.10335168 12.13121575
 10.81967035 13.59068552 13.85807988 14.12536596 13.40535906 12.44153161
 11.85395132 12.26033768 12.52067586 12.18703067 13.60461152 10.5669259
 10.29434424 13.93037872 10.92849533 13.65912195 12.53234883 12.73579457
 12.49837312 12.73033908 13.65170663 12.09609808 12.73695703 13.30793407
 13.53030029 12.39825439 13.52674842 11.97681964 11.92291723 12.88253302
 13.03983829 13.49212619 11.90869369 13.35700199 12.25851234 11.53775571
 14.27136036 13.55671749 11.92422698 14.082603   13.70711836 11.65337818
 11.0670075  12.58911437 13.1084515  12.92686185 14.18771177 13.26321548
 14.18895122 13.22475512 12.17262983 12.49078379 11.89488162 14.03196852
 11.53036042 14.47087011 13.28892068 11.98382607 12.87631233 11.38013795
 14.39481701 12.82971375 13.11144742 12.49244565 12.38678451 14.02619026
 12.65002006 13.61569969 12.42155453 13.41788337 11.8171835  12.3209882
 14.50580533 11.5273299  11.59052726 13.88639358 12.80882778 14.06924934
 10.56161922 12.71222353 13.47239046 13.05576775 11.9694652  13.51571379
 13.15462457 13.51222387 13.37322559 11.89754235 10.69993554 13.35053243
 12.78275191 12.592617   11.81643898 11.87934936 12.4744519  12.62779717
 13.14846429 12.44342302 13.35553883 11.33496107 12.92691741 13.32171259
 14.00009201 12.69809848 11.65161764 12.55258126 12.86509642 11.26257849
 12.36046331 12.02512945 10.67338357 10.20807846 12.15328856 11.02014067
 13.01782262 12.53650528 14.00608345 12.13488642 12.97171677 11.79439064
 13.16887967 14.58212945 11.00873314 13.02098681 13.35826656 13.10298761
 12.97655946 12.63989365 12.38534347 13.98736218 10.88327192 12.06844954
 11.03822524 11.84792691 10.83552439 13.09996799 12.40266231 11.74161535
 14.00773321 10.72710377 13.2873224  12.72816358 14.22262397 13.11817423
 13.0526199  12.77683109 12.75529261 14.80714203 12.31695996 13.52658844
 13.91507355 13.27190061 12.99789117 12.18893602 12.67003297 12.06600424
 13.11547652 10.74229782 11.74420659 12.73347916 13.22732844 11.04474582
 13.27381311 13.24972493 13.0399204  12.64721627 13.30307599 13.88033395
 12.56795392 12.91608186 12.66864914 13.1309875  12.94272526 12.02748752
 11.55443696 13.38312825 13.23700882 12.01143576 12.59504188 12.96851735
 11.87462968 13.4952703  11.72239155 12.24739002 12.14431121 10.83637321
 10.87502376 11.80192358 10.91916939 13.2443697  12.99116673 12.45450643
 13.4166247  11.33767149 13.95704779 12.56987094 12.42927788 13.35758295
 11.78873084 11.73797293 11.35064659 11.34889192 14.15479393 14.32259594
 12.00813666 11.89509262 12.22434458 12.72101954 11.60071017 12.64462492
 12.67711537 11.00913961 12.87246852 13.3779766  11.3156155  11.28347921
 13.28596329 12.82915985 11.44647343 10.47683963 13.51088681 12.86390668
 12.6744714  13.06894937 13.15418873 12.73654606 13.38222976 13.53734024
 11.9659234  12.64903114 11.13732888 13.31443859 12.91407139 14.12785665
 12.31380764 12.78132362 12.27832847 12.37434563 12.8141815  14.80193075
 13.10381149 13.93296284 12.89268667 11.19612266 13.14337025 10.64548519
 12.92727513 11.33858056 12.18488788 13.00431914 14.40825053 11.35142972
 12.80585856 11.41972358 12.93776797 14.31059908 13.24884623 12.99532345
 13.62313585 12.46610885 13.99510341 13.17560941 11.61009175 11.86872919
 14.25267323 13.72888599 13.44285259 12.23909553 12.08304371 13.45582252
 13.09899227 11.20855959 12.04780805 12.60296089 10.47781114 14.08432932
 12.2488775  12.82506502 10.87958277 13.3525283  13.22131964 11.38135188
 11.95421032 13.53879578 13.86918212 12.73931309 11.54197823 13.69097749
 11.84902255 11.38111727 14.12964448 13.43606067 12.08366736 12.84180399
 12.59532123 11.83150562 12.75521469 12.23288361 13.7339817  11.42093845
 12.94096801 11.4319773  12.96437146 12.87458903 11.78303641 11.8914117
 12.52074311 12.97846512 14.2158781  12.81344989 12.78675702 12.69888325
 12.21314549 11.98981152 11.48362234 11.87123805 13.24165268 11.92314234
 14.33349949 13.79139471 11.15889903 10.25936583 12.94258638 12.64377223
 13.66839753 11.81003377 13.25688019 14.46612414 12.51214435 12.14122483
 13.33485221 12.051109   10.92154913 12.45616089 12.71561523 11.22247035
 13.02375045 12.53096471 11.03922768 12.66524995 12.58681657 12.09186523
 14.05080381 13.68787959 13.10208429 10.49932446 13.55576172 11.53731068
 12.48247797 13.70663843 13.3557624  12.25683852 13.86919998 13.67858241
 10.99726326 13.18763461 13.72532873 12.59585899 13.97776209 12.52942487
 13.66285835 13.62733309 12.48238356 14.56382935 10.30338517 11.26437874
 13.71561866 11.82597212 12.88674737 14.26020948 12.56572763 11.7260424
 13.76353352 12.92282945 13.13699082 12.08976889 12.43857103 12.12153972
 12.78341303 12.19390824 11.19426219 13.13372902 13.84691902 12.77149139
 10.92530326 14.06390022 12.79846241 12.17445467 13.33729189 11.54943954
 13.94670224 13.34445213 12.21597029 13.98209386 12.69124025 11.3383551
 12.38527533 13.11676288 13.12184445 13.10544552 13.15323239 13.31549494
 14.52790115 11.79616887 12.54851654 13.13250849 12.94337743 13.76708469
 14.08280377 14.03609057 12.40400176 14.78645624 11.09892429 11.45064466
 12.48682907 13.47720767 12.58738229 12.35436308 12.40534827 12.21443054
 11.80823868 13.00665541 13.95873965 14.38853352 12.24297669 12.94352773
 11.85824209 13.25058282 10.9763997  12.87934447 12.4442223  13.04505681
 13.33129635 13.63516215 11.35212585 13.26620806 11.6889235  11.24049214
 11.2569951  13.87383955 11.97170231 11.13804451 12.54242878 11.77622825
 12.59510696 14.33080804 10.64003682 10.83299758 11.21187969 13.21188715
 12.24450859 13.28567098 12.19578043 11.60262303 11.44983672 11.18748759
 11.82126157 13.70081793 12.9204148  11.84896003 14.07739497 12.87976834
 12.52029801 12.70578289 12.37246042 11.30268296 13.23593231 13.00830272
 12.77138381 13.98451487 13.23944768 11.18656337 13.05011016 13.34931241
 12.65215273 12.56720118 12.35486704 11.72134489 13.54980328 14.24000588
 10.49307083 11.50456287 14.07720574 13.69479907 10.80027552 12.65912477
 12.88866836 13.18349208 11.85951428 12.05602322 14.2736205  13.40987169
 12.814083   12.81883226 14.12353586 12.78450284 12.94560243 13.02140167
 12.56857592 12.53125343 12.67392913 11.20437667 12.8091285  13.82815734
 13.1120514  13.17824465 11.33395488 13.1671935  14.1510755  14.43621032
 13.76821781 12.1696422  11.73381003 13.2092431  12.64805471 10.90244931
 13.35660691 11.13773756 13.13845312 13.42861287 12.50156282 11.92053866
 13.96529262 13.20767424 10.77880258 12.85351184 13.35805188 13.36221106
 13.47122711 12.83662476 12.51164109 13.30766421 11.33178691 13.97150549
 12.26841249 13.3881225  12.6173406  13.08193724 10.24525581 13.58341745
 13.67174691 11.52782045 12.79020061 10.31798709 13.96584439 10.72563512
 10.84930142 13.10339434 13.03392927 12.96520212 11.82884409 13.05850308
 11.64642495 14.40520592 11.68701919 12.58465784 13.34655079 11.68471502
 12.66742703 12.60308388 12.32680676 12.76630682 11.46941992 13.79525361
 12.82492778 10.81389314 11.27385479 13.08020349 12.81879744 14.52461396
 11.18400944 14.21268867 13.75810581 12.88396101 12.08352044 13.04744355
 12.79520507 10.70795365 13.51927395 12.96309503 12.73013161 11.79647092
 11.35339871 12.15578957 13.6714277  12.51497082 12.48962203 12.72252875
 13.39458948 12.27329313 11.16821236 13.79473324 11.81529509 13.69193671
 12.69642756 13.55703541 13.60986558 12.72319216 12.64630346 13.99244081
 12.96292167 11.25213388 14.78624964 12.13518962