1.75396887e+00 1.85826543e-01 2.93704969e+00 1.55726549e+00
 7.06770333e-01 3.21762054e-02 2.00012554e+00 1.00579115e+00
 2.22780475e+00 6.23880757e-01 1.98892434e+00 4.51428228e+00
 1.51186205e+00 4.98499986e+00 1.77319775e+00 1.51044772e+00
 5.73778080e-01 8.12318818e-01 2.88521024e-01 9.58331156e-01
 1.74423564e+00 3.77149459e-01 6.89531654e-02 4.34379814e-02
 2.43051073e-02 2.39861274e+00 2.11517905e+00 2.07666560e+00
 1.06768186e-01 4.04442838e-01 1.12024551e+00 5.76665870e-01
 6.20965719e-01 3.88876728e+00 3.51354515e+00 2.90447063e+00
 7.47297733e-01 1.21701187e-01 3.52089479e+00 1.99791777e-01
 1.19351858e+00 4.19343081e+00 4.99982909e+00 3.95141374e-01
 3.77590609e+00 4.71792038e-01 6.51190559e-01 3.34298426e+00
 2.38803021e+00 1.99815368e-01 3.95289485e-01 5.41454309e-01
 9.68197173e-01 4.05154900e+00 3.28967857e+00 1.87164734e-01
 2.07724726e+00 1.47777181e+00 1.87837083e+00 9.25949792e-01
 1.49144133e+00 6.55352795e+00 2.88546935e+00 2.29053567e+00
 1.11111145e+00 4.74467295e-01 2.81125843e+00 4.69907502e+00
 2.81381437e-01 1.93423129e+00 4.47467016e+00 6.96009453e-01
 7.55396994e-01 6.92499421e-01 1.72824903e+00 1.27007873e+00
 3.91445291e+00 2.10573198e+00 2.12217823e-01 4.92791056e+00
 2.19358160e+00 3.25286816e+00 9.99730069e-01 1.92266194e+00
 2.46886026e-01 7.71674936e-01 1.28230213e+00 1.28170570e+00
 1.64037002e+00 2.50225798e-01 2.13100169e+00 3.02251500e+00
 7.78444577e-01 7.50777439e-01 1.33889767e+00 2.50694057e+00
 5.92828903e+00 4.95438527e-01 1.64180036e+00 1.47450564e+00
 5.18595206e+00 2.10049606e+00 8.81963197e-01 1.51903318e+00
 8.35787220e-01 8.45210084e-01 2.03985399e-01 1.76478756e-01
 2.46302096e+00 3.53292946e+00 1.54631357e+00 1.22676370e-01
 2.72531782e+00 4.10566777e+00 1.21254991e-01 7.66440463e-01
 9.91473940e+00 5.25628418e-02 4.50187445e+00 2.06475785e+00
 4.62776703e+00 9.23966617e-02 6.11256686e+00 3.79424819e+00
 6.86164275e-01 5.03975490e-02 7.70841549e-02 1.27158742e+00
 2.48813798e+00 1.34306940e+00 6.42210602e+00 1.11183992e+00
 2.38540647e-01 2.11766016e-01 6.39633227e-01 1.49062864e+00
 2.59993459e+00 6.20795935e-01 1.17085237e+00 2.56159727e+00
 5.51241247e-02 5.62621380e-01 8.67884553e-01 4.04212615e+00
 1.63166955e+00 2.79287403e+00 7.37325500e-01 1.33744205e+00
 4.87612783e-01 1.49347501e+00 1.85627759e+00 7.76724711e-02
 1.37690668e+00 1.90285585e-01 1.74795914e+00 2.37847904e+00
 4.97179100e-01 2.83819850e+00 1.75479189e-01 2.27742560e+00
 1.01629467e-01 6.97011678e+00 3.75293552e+00 2.37081855e+00
 8.56048057e-01 9.43779950e-01 3.35168044e+00 1.69950338e-01
 3.35517104e-02 6.64230771e-01 3.64176753e+00 1.72014619e+00
 4.92516453e-01 3.50378742e-01 2.53822472e+00 8.38897859e-02
 1.20233175e+00 1.26825696e-01 1.43143674e-01 5.94776241e+00
 1.12972201e+00 9.43034643e-01 9.84989005e-01 6.13854002e-03
 1.87865787e+00 1.47080770e-01 8.38008911e-01 2.24352240e+00
 2.12610630e-01 3.43550141e-01 1.68552048e+00 1.83514395e+00
 3.19517032e+00 2.66357472e+00 1.85116468e-01 1.45302218e+00
 1.66487575e+00 3.50708689e+00 1.19636086e+00 8.48911801e-02
 2.29272257e+00 1.00688747e+00 2.38810477e+00 1.01271590e+00
 3.64676963e+00 2.49896470e+00 9.73829360e-01 3.55256098e+00
 1.35766555e+00 3.48676324e-01 7.89724291e-01 1.34952773e+00
 1.33652722e+00 1.94669736e+00 3.33480980e+00 3.56189992e-01
 2.69039833e-01 1.87520600e+00 3.21307449e+00 3.21596248e-01
 8.36622935e-01 3.50362968e+00 1.28144352e+00 2.05325219e+00
 3.40116944e+00 4.02821960e+00 7.10910182e-01 1.68546195e+00
 2.11981476e+00 3.82162157e+00 5.06944743e-02 4.13248388e-01
 2.66336585e-01 3.26187334e+00 5.76064751e+00 7.47934847e+00
 8.02431275e-01 2.41486354e-01 4.41915493e+00 2.43291830e+00
 1.31259372e+00 1.69078967e+00 1.31610140e+00 3.07281464e+00
 3.44777368e+00 1.10922261e+00 1.77339080e+00 5.89248021e+00
 2.73094165e+00 1.69556468e-01 9.20031866e-01 3.42129285e+00
 1.41600619e-01 4.93199853e-01 2.03422621e+00 9.09956926e-01
 2.38610450e+00 3.75324140e+00 4.57220138e+00 3.57033475e+00
 1.15955174e+00 1.16600660e+00 1.62300888e+00 6.17592991e+00
 8.71144024e-01 2.13786457e+00 5.19866207e-01 3.84870506e-01
 1.76431604e+00 1.39997621e+00 2.03277248e+00 6.25584551e-01
 1.01623063e+00 1.36511771e+00 4.64699877e+00 6.93928935e-01
 1.39940890e+00 9.52590324e-01 3.16856876e+00 1.29919295e-01
 1.47151282e+00 5.97234980e+00 6.51181376e-02 9.22493139e-01
 3.06758286e+00 9.18731897e-01 5.10404538e+00 7.24495110e-01
 3.16183289e+00 9.28696603e-01 3.85328903e-02 1.51142522e+00
 1.04458932e+00 1.78444419e-01 1.43459893e+00 3.81542931e-01
 3.44309435e+00 2.02421437e-01 2.56714795e+00 2.37721603e+00
 6.34466323e+00 7.40443384e-02 9.87711107e-01 1.57207698e+00
 1.85762745e+00 2.33679256e+00 3.40321267e-01 2.36146051e+00
 2.43713001e+00 2.34239388e+00 7.71299658e+00 1.32144372e+00
 1.71870877e+00 3.95951497e+00 9.59772777e-01 9.54002262e-01
 2.60599938e-01 1.08755744e-01 9.84118940e-01 4.08306859e+00
 5.68269293e-01 2.22059241e-01 6.32392661e+00 4.80951297e+00
 1.33440681e+00 2.83359846e+00 6.09701205e-01 2.71546866e+00
 2.47425221e+00 1.28765689e+00 1.06628223e+00 9.03181265e-01
 1.85732752e-01 1.59354352e+00 5.40453949e+00 5.76303708e+00
 7.66506871e-02 4.82227661e-01 1.95416872e-01 1.47410698e+00
 3.30412443e+00 1.05198204e-01 2.24544781e-01 3.01191989e+00
 1.28370982e-01 3.30482294e-01 1.83654627e+00 5.76747900e+00
 5.32074544e-01 2.63312020e-01 6.93320481e+00 4.17431685e-01
 2.35598294e+00 3.06058177e-01 3.56875843e-01 3.55270757e+00
 1.07977022e+00 1.21130733e+00 3.75871217e+00 7.45217572e-02
 2.45127043e+00 1.91742547e+00 8.44604035e-02 8.18658086e-01
 6.17896497e+00 4.00579474e-01 2.18363507e-01 6.22182043e+00
 5.98483986e+00 8.14975186e-01 2.86485087e+00 3.89109491e+00
 1.90562033e-01 1.17301005e-01 2.01569986e-01 3.87264240e-01
 4.86444191e+00 5.06150437e+00 5.20143836e-01 1.22290359e+00
 6.45833795e-02 5.24781101e+00 1.50294363e-01 6.46403817e-01
 2.24768239e+00 6.62606481e-01 8.52298066e+00 2.18146406e+00
 6.38864989e-02 5.72366646e-03 3.61022899e+00 2.39686833e+00
 2.59145578e+00 1.53166033e+00 2.25841929e+00 1.26515124e+00
 1.90837641e+00 6.01225772e+00 4.52628296e+00 6.85963531e-01
 7.77945598e-02 9.68351927e-01 5.02363650e-01 3.87962022e+00
 1.68390741e-01 2.10775403e+00 3.62117176e-01 4.69222950e+00
 1.51508473e+00 7.45066110e-02 9.26536600e-01 8.33370137e+00
 4.70901334e-01 3.29970396e+00 5.70595032e-01 4.72895613e-01
 2.97258764e+00 1.54526030e+00 7.80388556e-01 3.63318180e+00
 2.28206830e+00 2.67089889e-01 2.00513492e+00 1.83878714e+00
 1.60293473e-01 2.88777155e+00 1.32267539e+00 4.46103847e-02
 1.70536811e+00 1.99814272e+00 5.05258397e+00 2.14252393e+00
 3.54140144e+00 5.47315550e+00 1.23855396e+00 2.11730787e+00
 3.42047649e+00 3.81087494e-01 1.28137165e+00 1.53345985e+00
 2.29890002e+00 1.43967152e+00 2.05629145e+00 2.83943698e+00
 2.48289622e-01 1.00835334e+00 1.56120251e-01 5.84493492e-01
 3.78799031e+00 4.41181430e-03 5.03371574e-01 5.24606111e+00
 2.84204235e+00 1.28294970e+00 1.78766788e+00 3.96660582e-02
 8.76955137e+00 1.62033366e-01 3.45596680e+00 4.01620892e+00
 8.31842553e+00 2.68192914e-02 3.87414732e+00 6.52786274e+00
 6.12311366e+00 2.74051375e-01 1.74560226e-01 9.11161265e-01
 4.39211923e+00 6.87191760e-01 1.55264886e+00 2.39260464e+00
 7.92216902e-01 4.60489966e+00 2.23492408e+00 4.62805124e+00
 1.16540466e+00 9.14799249e-01 2.12564995e+00 6.86293990e-01
 1.99593049e+00 4.42353772e+00 2.28176017e+00 1.87216627e-02
 8.29994093e-01 2.17623183e+00 5.24312398e+00 8.39930923e-01
 3.10589128e-01 5.15480144e-02 8.17717448e-01 6.61285319e-01
 2.41872530e+00 9.20422131e-01 4.28458111e-01 1.33955049e+00
 7.27173894e-01 1.77106451e-01 2.87413770e+00 1.68174062e+00
 1.18460414e+00 1.83716688e-01 2.28873197e+00 2.79424211e-01
 1.86545901e+00 2.63870252e+00 4.84955071e-02 3.26227358e+00
 4.88952052e+00 4.88618471e+00 1.29357572e+00 4.56854241e-01
 3.66496670e+00 4.80599628e-01 4.93424514e+00 5.45966586e-01
 3.22499409e+00 2.82486597e-01 4.59195532e-01 1.78623302e+00
 2.17636445e-01 1.18214086e+00 1.03797958e-01 2.04874540e-01
 5.51519785e+00 3.33102524e+00 1.18528817e-01 2.70107434e+00
 2.24602354e-01 3.95775415e-01 5.29049787e-01 1.34524569e+00
 5.73641100e-01 3.17758503e-01 5.55831526e-02 1.36539385e+00
 2.87507734e+00 2.89217395e+00 2.76046649e+00 2.39993036e+00
 6.61950574e+00 8.79668040e-01 2.73429450e+00 1.91623955e-01
 1.33484730e+00 2.65738255e-01 1.76309126e+00 1.80946349e+00
 1.40719916e-01 2.60605562e-01 1.54992686e-01 2.23470674e-01
 1.34919535e+00 2.35150225e-01 1.05275238e+00 4.05207804e-01
 1.30542855e+00 7.67837053e-01 5.52477070e-01 1.53056224e+00
 8.58984406e+00 9.94330667e-01 1.12229042e+00 2.68266568e+00
 1.17974266e+00 3.07666716e-01 5.09966809e+00 4.77693432e+00
 3.84257388e+00 3.47209246e+00 1.59975880e+00 1.80731529e+00
 3.92539281e+00 1.29716593e+00 3.80470471e-01 3.90345499e+00
 8.35387984e+00 4.28049251e-01 2.86919397e+00 1.19656418e+00
 3.63512863e+00 1.89732440e+00 3.00625663e-01 3.45239038e-01
 7.88652468e-01 3.93004377e+00 2.63476785e+00 1.42965238e-01
 2.56937035e+00 4.12302838e-01 1.37559033e+00 3.88230941e+00
 3.33755283e-01 1.20246480e+00 8.75772779e-01 2.28323665e+00
 2.72893763e-01 1.09644315e+00 5.52609401e-02 2.54675583e-01
 2.33687861e+00 2.98054042e+00 5.29663590e-01 1.26733955e+00
 1.82559074e-01 1.87746299e+00 1.85007396e+00 1.55824145e+00
 4.88690906e-01 1.72997043e+00 3.55379763e+00 2.95853499e+00
 2.05435270e+00 5.25987985e+00 1.73810464e+00 1.18706143e+01
 3.56886999e+00 2.32382767e+00 2.28566482e+00 3.86515701e-01
 8.13269419e-01 1.93082705e-01 1.67222665e+00 2.72028017e+00
 9.53396268e-02 2.66632061e+00 1.77623802e+00 1.31205881e+01
 1.80823021e+00 6.05333973e-01 4.12833100e+00 2.07875731e+00
 2.93417258e-01 8.27605595e-01 1.61468535e+00 4.09286870e-01
 3.72103243e+00 1.26494960e+00 7.44019543e+00 4.88165028e+00
 1.68262888e+00 8.70974014e+00 3.03318999e+00 6.67937194e-01
 5.11879042e+00 5.27436846e+00 2.36442714e+00 1.28898266e-01
 1.61814268e+00 3.04660701e-01 3.58135363e-01 2.62013922e+00
 3.19193781e+00 5.77669232e+00 1.53579206e+00 9.69242944e+00
 2.94361369e+00 2.54434148e+00 1.51600684e+00 1.93538449e+00
 7.50187860e-01 1.28755681e-01 1.42558917e+00 5.56732495e+00
 1.04578503e+00 4.37802320e+00 1.60731710e+00 1.86536053e+00
 3.77534988e+00 1.35123539e+00 4.03920583e+00 1.57362268e+00
 3.64144758e-01 1.40484363e+00 1.74515994e+00 1.53511468e+00
 2.01625422e+00 6.19172528e+00 8.28110793e+00 2.31049577e-01
 2.69847724e+00 8.26722280e-01 2.66587824e+00 2.41228702e+00
 2.70064167e+00 1.75466010e+00 3.86806241e+00 1.60380009e+00
 8.19499721e-02 1.71793329e+00 7.12295823e+00 8.12521038e-01
 3.55275993e+00 5.35781598e+00 1.01217497e-01 7.14909480e-01
 5.39410986e+00 3.52435843e+00 5.40619854e+00 6.74260860e-01
 2.19756376e+00 1.41702519e+00 6.37254046e+00 6.29034941e-01
 5.94663450e+00 5.34238147e+00 5.37629037e+00 2.35207149e+00
 2.39763463e-01 1.63632944e+00 2.07137254e+00 2.94595631e-01
 7.29896889e-01 5.59679018e-01 1.74616292e-01 3.23253585e+00
 2.89941946e+00 1.31211153e+00 2.95590684e+00 1.71770059e+00
 3.47748947e+00 1.20322334e+00 7.96236033e-02 5.89305545e+00
 1.43993181e+00 7.74131927e-01 8.21593927e-01 1.76919294e-01
 2.29881730e-01 1.99101378e+00 1.17921550e+00 4.86917802e+00
 1.14522881e+00 1.45816702e+00 3.18043120e+00 5.68177349e-02
 2.43184532e+00 1.29177047e+00 3.69441655e+00 2.96333636e+00
 1.27896758e-03 5.03399384e+00 6.16788697e-01 3.99862514e-01
 3.56203549e+00 5.28798417e+00 6.26405413e-01 8.21156794e+00
 1.39398148e+00 3.66216085e-01 1.18419303e+01 7.58391218e-01
 1.91898959e+00 3.56519890e+00 1.94161585e-01 7.23341405e+00
 1.66732257e+00 5.07948748e+00 8.01479763e-01 3.40117169e-01
 4.35206568e+00 1.36775332e+00 1.03181094e-01 3.57343543e+00
 4.10358234e+00 2.21368378e-03 4.12650900e+00 1.30128439e+00
 4.13349213e+00 1.16602834e+00 1.09316611e+00 8.63164074e-01
 2.21565650e+00 8.21536085e-01 1.86523273e+00 4.73178217e+00
 7.01913758e-01 1.21707227e+00 5.51454253e+00 1.63116165e+00
 3.31581388e-01 1.00614698e+00 5.02613245e-01 2.11610034e-01
 1.31674244e+00 5.84822532e+00 2.86230297e-01 1.88019425e+00
 2.73501770e-01 2.51783640e+00 2.66672424e+00 4.55972113e-01
 1.70856240e+00 2.63706089e+00 3.27717367e+00 1.48849149e+00
 1.34408069e+00 3.18988407e+00 2.04374489e+00 9.00930567e-01
 4.21217289e-01 2.40374987e+00 5.24070610e+00 4.38840606e+00
 3.20406356e-01 6.20120222e+00 2.37772752e+00 2.80826868e+00
 5.07037442e-01 1.71572175e+00 4.81094446e-01 1.02519090e+00
 9.61540120e-02 5.77706613e-01 3.89397702e+00 2.64569533e+00
 1.33211772e+01 1.63850492e-01 2.90114137e-01 1.46927011e+00
 2.90625841e+00 6.24720564e-01 3.31267494e+00 3.45480851e+00
 1.46861211e+00 2.50053853e+00 6.70599329e-01 4.45576082e+00
 1.13789200e+00 2.32771325e+00 1.28566484e+00 3.58303138e-01
 1.90625934e+00 2.84057499e+00 2.62553342e-01 1.58919409e+00
 1.36957876e+00 4.93422848e-02 4.47688354e-01 1.46810900e+00
 1.52403197e+00 2.34609637e+00 1.31563295e+00 1.18446878e+00
 3.63640580e-01 1.63386966e+00 5.75670203e+00 1.64416905e+00
 1.76366353e+00 2.32718172e+00 7.10328141e-02 2.77385313e+00
 1.04449489e-01 1.86988731e+00 4.82617444e-01 7.75326916e-01
 8.89453743e-01 8.16004312e-01 4.36178024e-01 9.04156403e-01
 3.05886986e-01 5.02291802e-02 7.85924797e-01 3.69938473e-01
 3.52017019e+00 4.90454656e+00 1.38893400e+00 1.72726512e-01
 1.25030265e+00 8.47511559e-01 1.15438966e+01 1.65765041e+00
 1.55577327e+00 1.21280582e+00 2.25252217e+00 4.87868606e+00
 1.49812304e+00 6.33665894e+00 8.83421689e-01 3.79731685e-01
 5.63525225e+00 4.79849648e-01 8.07399872e+00 1.46900980e+00
 4.32481352e+00 2.19108459e+00 1.31355276e+00 2.46722613e+00
 8.28755862e-01 2.74400682e+00 1.54081134e+00 4.30816730e+00
 1.32506946e-02 9.18490528e-02 1.65966245e+00 2.51168291e+00
 5.37058784e-01 1.79077122e-02 2.66816448e+00 3.55152536e+00
 5.86607189e+00 4.11002173e+00 1.30446927e+00 6.77116461e-01
 7.24011735e+00 2.07951920e-01 7.79335879e-01 1.67066390e-02
 5.12915048e-03 4.49941395e-01 8.78846201e-01 3.39323330e+00
 2.30974006e+00 1.78794064e+00 1.32329578e-01 4.28804434e+00
 5.84969204e-02 3.23454960e+00 1.74721098e-01 1.12587290e+00
 3.43754706e-02 1.54439803e+00 6.26181097e+00 2.89747880e+00
 6.65403024e-01 1.02884603e+00 2.05940667e-01 1.23898070e+00
 7.69408285e-01 1.59712292e+00 1.51952482e+00 1.61410681e+00
 5.46275777e+00 1.53081954e+00 3.10804769e+00 2.56897791e+00
 1.68903991e+00 2.10686646e-01 6.06406436e+00 1.94681661e+00
 3.62828367e+00 1.84552342e+00 9.01090173e+00 2.69239769e+00
 1.26098878e+00 7.95841708e-02 3.36135980e+00 6.06818644e-01
 1.60235141e-01 2.14630701e+00 3.73792695e+00 1.72765693e-02
 1.08591801e+00 1.53401541e+00 2.49999996e+00 2.70355038e+00
 1.54427165e+00 4.85743185e+00 4.66186510e-01 1.46092090e-01
 2.00306443e-01 5.67789095e-01 5.13588579e+00 1.45352990e+00
 4.92173424e+00 6.98232405e-01 2.87648199e+00 5.96604291e-01
 3.67859207e-01 2.42566102e+00 2.16062519e+00 9.39365755e-01
 3.97817693e-01 9.08606149e-02 3.58605954e+00 3.79024646e-01
 6.00938367e+00 3.50873190e+00 2.29708845e+00 2.15263968e+00
 1.87229438e+00 4.07211374e+00 1.61352603e+00 3.26169254e+00
 1.75335576e+00 7.19724100e-01 1.54280661e+00 3.04758442e+00
 6.91615926e-01 2.37082056e-01 6.77693028e-01 1.59258004e+00
 9.78189912e-01 1.44033106e+00 2.55059029e+00 6.46255667e-01
 4.62901905e+00 2.23295050e+00 3.35925323e-01 2.35458393e-01