28.41062646 30.29708809 30.02314401 31.5608316  28.30149695 28.90523265
 30.1205806  29.46949469 31.87761398 29.98515111 30.79198471 30.59921467
 29.98238789 29.61896971 30.20221555 31.54159461 30.54723315 29.514319
 30.81762776 31.43246585 30.83713769 29.73202471 31.08335831 29.14972347
 30.16921637 30.54901741 30.99518084 30.22762383 29.51767792 29.78926351
 29.98027993 29.61721432 29.7285951  31.30599841 30.6236973  29.04993544
 29.51485991 30.57848115 30.88979963 30.04114028 29.85783766 29.40095391
 28.97113736 29.8990892  29.69510583 31.7186962  31.2721851  30.87601172
 31.67148157 29.498751   30.88963763 29.26819708 30.00227654 29.56648264
 29.33194009 31.42183859 29.68223075 29.40412327 29.61209756 29.18829936
 29.30857193 30.62969823 28.92327228 30.1084606  29.92705426 30.34985558
 31.33468196 28.60827124 30.10810255 30.68909199 31.23916592 29.16935325
 31.35996164 29.62763394 31.04114378 28.79503412 30.73178437 30.98912939
 30.56930884 28.39868594 30.66695518 29.98491581 30.65533293 28.87262931
 31.70103177 30.39461471 30.564444   30.62879567 29.26907771 29.56510501
 31.26434802 30.45431856 31.29229663 28.4475015  28.87747908 29.36561563
 28.53513791 31.74516195 29.36212191 29.72574173 30.3632994  30.5976269
 29.97167854 29.98070293 30.60048972 31.05972858 31.39892253 29.92846694
 29.69342542 28.83433363 30.82394855 30.27327187 30.35155371 30.48831915
 30.58520537 30.25042243 30.06049088 29.75513186 30.08582563 30.57545429
 29.47665315 29.92472646 30.27392633 28.3014862  31.52136238 31.6623116
 28.66375783 29.61192167 30.48139212 29.36046047 30.40168141 31.17554909
 31.0997261  30.39781046 29.03594291 28.71603935 30.59675013 30.83096945
 31.25071159 31.35183998 28.58373433 28.91807245 30.13830071 30.62152124
 29.8327868  30.18615006 30.57353831 31.23244425 29.89970646 28.59938961
 29.83990987 28.97656482 28.59116393 29.95954079 30.25903496 28.8236694
 28.85115297 28.57154224 29.31044218 29.52564514 29.47235603 30.93267615
 29.58205845 29.43587826 30.25579171 30.98345898 29.71285297 30.83477595
 30.91229345 29.50354446 29.55339205 28.71458659 30.58384459 29.8856041
 29.48449857 29.85693281 28.62203412 28.93475871 29.10222263 29.29311849
 29.19765196 30.19734813 29.41322277 29.93276451 29.27465165 30.71852948
 30.98765531 30.29326754 29.69397938 30.51126812 28.45896847 31.1086057
 30.18056718 30.74456271 28.59659727 31.0519488  30.74789349 29.99587537
 30.56635644 28.87869324 30.97292145 28.89104194 29.69767878 31.51675121
 29.90450411 29.17469419 30.31898646 29.86957366 28.1808601  29.4378172
 28.71039275 30.53114215 30.89993237 29.92276185 30.27526673 30.61702611
 29.46227983 28.78583902 30.49991837 30.15388653 30.76982597 30.53528577
 30.12298291 28.51265119 30.20416971 31.07823834 30.98990571 31.18539062
 29.22274865 29.07885759 30.1039544  29.63036882 30.45948404 29.45322612
 30.89874733 28.69551992 29.18563468 29.39187164 30.35363121 30.33368348
 30.3180922  28.53801884 30.08388059 29.40845766 29.71312024 29.62604589
 29.6523194  30.5048311  30.43484596 30.21099384 30.35774704 30.01186669
 28.82964679 30.7611314  31.07830261 29.27231359 30.95522897 30.81603586
 29.96555962 29.77538169 28.75403886 30.69550767 29.07208612 29.39969656
 29.45628688 29.28898741 31.29406977 30.29897718 29.79304454 29.84503482
 30.0181146  30.65021331 28.94261171 30.3608983  29.85764644 30.47723446
 29.30980615 30.31866295 29.79509633 29.1951557  28.60395562 29.60435275
 29.80212332 29.9919637  29.51274676 29.98977171 30.70771596 28.82722573
 29.85284305 30.27064399 30.79187486 30.74655075 28.89929142 29.27222037
 30.16623732 29.62319923 30.32050502 30.21402897 30.31492621 30.36334325
 29.75000564 29.86872313 28.94647912 28.68475422 30.85929469 29.68111059
 30.07234131 30.29038417 29.9930756  29.52315696 29.13435692 30.12157893
 29.65926497 29.39128472 29.42623932 31.13688115 29.72702085 29.55524182
 31.0934524  29.89391692 30.69858321 30.74303943 30.79213302 31.50037624
 31.51614692 30.04910581 28.97178363 30.15597221 30.55587654 30.27071763
 28.53783892 28.95088802 31.1136925  29.07053058 29.16481281 28.22861028
 31.20992904 29.8243879  29.62503085 29.51838468 30.33319695 28.71226173
 28.75641885 30.16679724 29.19325425 29.68087188 29.55371196 28.95984988
 29.13722004 29.76090242 29.58573378 29.45754145 31.6080676  29.34723968
 30.57328069 30.10997111 29.61362464 29.95731352 31.9649494  30.1547996
 30.53259822 29.28662885 29.95286408 30.49195419 28.79512923 29.90922014
 29.90998213 29.27094701 31.32427452 29.54603589 29.02537025 30.50889457
 29.6181026  29.14920872 30.42100052 28.96260272 29.29548733 30.51285678
 30.12778553 30.11657987 30.44963299 30.27523387 31.38242225 31.13997092
 29.43425755 30.37241312 28.49484768 31.00998085 29.33489204 31.20920777
 29.49946463 30.05247055 31.79410825 30.04649808 29.77620589 30.50859214
 29.60586915 31.55313214 28.66776288 30.90128214 30.18670692 30.52983554
 28.46206377 29.72056062 30.74421399 29.48361478 28.86169069 29.68470362
 30.02498865 28.97555192 30.97435296 30.55969068 29.93315544 29.86077185
 30.98308577 29.30606544 30.1700884  28.79187779 29.5083362  31.07331496
 30.22281356 31.56949869 30.39643121 30.90599391 29.66764172 30.72310911
 31.69010687 28.54138585 30.88027238 30.57843062 30.12647634 30.89857312
 29.01742438 30.54871327 29.02306696 28.5307099  29.79746225 31.40538505
 29.69779573 30.28280761 29.29296885 29.19451054 29.59723478 29.68115287
 31.23877087 31.29175861 31.52341172 28.79843238 29.77459119 29.80903116
 28.71930017 30.32249557 31.10949446 31.03798502 30.84351441 30.08897332
 30.24778533 28.28331888 30.58548206 29.5832505  30.49436571 29.6755706
 30.98507944 31.02363476 29.19122845 28.84305327 31.63234715 28.53373937
 30.30385557 29.74551971 31.23618013 30.32000045 29.05802055 29.74885746
 28.41332763 30.19295153 30.62784483 29.59412076 29.63087813 28.34953434
 30.82807676 29.79525436 30.77591084 30.28588449 28.97886975 29.24448834
 29.56549979 29.58840531 30.2228872  29.71712062 30.12882218 31.31040053
 29.52720213 29.04854447 30.64192326 29.42644324 30.72971122 31.22078255
 28.50229306 30.00761009 29.84662691 29.87673348 31.07734567 30.38228114
 29.8235496  30.87718603 30.07686984 31.34157341 29.90790151 30.36683312
 31.48682722 29.72405372 30.78617666 29.78233397 30.11489408 28.54786797
 29.61117908 30.37037342 30.61766844 29.39261875 30.43090903 28.29672327
 29.34674438 31.25507008 29.57025893 29.53646068 30.25936798 31.42149976
 30.0148633  30.06619361 30.34313127 28.64532581 29.21187484 31.14402921
 29.09003214 29.71418765 29.40942628 30.46090055 29.0675332  29.99450693
 30.15024163 30.40947002 29.70564126 29.82782034 30.18451333 30.50794758
 30.13814703 30.48947548 30.52516578 30.06939268 29.08276669 28.43445064
 28.13710469 30.91424601 30.27788135 30.25633798 31.61477581 29.75714639
 30.07421973 29.66015562 30.8091914  31.10239902 29.04021895 29.97619063
 31.93738238 28.7678435  29.87969336 29.16861119 29.76329454 30.46295389
 30.14189525 30.67363773 28.8120869  30.48425512 29.5743213  29.9088781
 30.07012413 31.2047547  30.92725227 29.75958414 29.25672243 29.65203978
 31.15300327 29.9253465  30.27806119 31.23412876 31.67922728 29.85792305
 30.17753806 29.50437231 30.47585562 29.97919027 30.58741501 29.75104133
 29.15683992 29.53973047 29.36450595 30.271431   29.78083421 30.41211486
 30.73971614 30.75156385 29.67832122 30.260052   29.27605533 31.15213935
 30.75645944 30.55213474 30.79289044 28.87376569 30.00611817 28.54839989
 30.20774564 29.53039258 29.85935285 29.34171177 31.64201745 29.69905158
 29.14773529 29.66739035 30.51377618 29.81847799 29.64150131 29.74441553
 31.33532669 30.99268984 30.70115054 30.405172   29.50742342 30.18171484
 31.02835883 29.06067846 29.91570668 30.84757268 30.19010803 29.68187769
 29.11162246 29.835522   29.03174274 29.99694761 29.28620649 31.21972697
 29.91538221 29.82022445 30.57523133 30.12076906 30.29353847 28.92555945
 29.9628977  30.52212074 30.9080471  30.18540628 29.7710252  29.29616169
 30.0006311  29.20675046 29.46831094 30.49831201 30.30102932 31.03303197
 30.05518636 29.81927764 30.03635313 30.06358432 29.83520547 29.27075669
 29.64970762 30.49303281 30.72459231 29.93666278 30.44899042 28.30999141
 31.31088285 28.30292772 29.36937451 29.98129388 30.17714581 30.11885261
 28.65804062 30.18088045 28.69336927 29.65100186 29.30694198 31.02248525
 29.78935018 30.11664354 29.30917594 29.53723238 30.73973803 30.43643827
 29.22751681 29.43410253 29.89145839 30.62391482 29.75733571 29.11935904
 30.4180264  28.97849663 29.67425524 30.44853953 30.80075352 29.69866283
 30.41926329 31.30429243 29.93841424 31.2556022  31.02056436 28.61057581
 30.18810437 29.34345104 30.20178394 30.17789235 29.70012027 28.44227934
 31.34261651 31.01754936 28.52487565 30.02557682 29.65420174 30.76587842
 29.70939804 30.70697771 29.96571875 30.83702986 29.57566861 29.31809771
 30.22539531 28.51529958 29.30568527 29.60148768 30.05991189 30.9567636
 29.85795635 30.32624038 31.20495634 30.16744683 31.40496272 29.70445569
 30.57962635 29.63334626 31.45747578 29.77767291 29.83717841 30.43692495
 29.56466492 30.11733146 31.07279006 30.13441336 30.21865653 30.00292662
 29.9013092  30.299164   30.32183312 28.44834898 29.47308179 29.90659421
 29.4493221  30.85159612 30.05352313 29.30687416 29.86918297 29.36244005
 30.45784162 28.74324086 31.62747479 29.05638087 29.58177551 29.80826613
 31.38748731 29.6829535  30.11962547 28.18475639 28.84776797 30.70687011
 29.24346026 29.43876295 31.33799531 29.48207632 30.07751782 30.41679492
 31.47201065 29.88792224 30.74034839 29.33061712 31.01854643 30.89350621
 30.57423652 30.92728889 29.43031104 31.16596828 29.90727987 30.68232611
 28.7026512  29.7351927  28.72749862 30.24968239 30.95248217 29.04647089
 31.02670209 30.33203601 30.6464483  30.1790051  30.32694939 30.11896686
 30.04518474 31.61245399 29.49367825 29.45177724 28.80466622 30.09412966
 29.47376677 30.64594972 29.79064599 30.82127905 31.56261115 29.92226455
 28.56999796 30.53396044 30.69717498 30.60435031 30.20689284 31.05563861
 29.61595527 30.57845223 30.80950775 29.97376763 29.68791939 29.81549393
 29.84831246 29.40824826 30.20193913 30.49194081 29.97494731 30.40813609
 30.88286462 30.42627405 29.9949574  31.16444249 30.52618597 31.17543851
 28.92635483 29.14842284 31.24142088 30.317002   30.30263271 29.79058947
 28.76574355 31.03842195 31.46071154 29.73418812 31.07425887 30.12362273
 30.06427677 31.41566903 31.03597331 29.2352694  28.49058625 30.26416647
 29.8940435  30.34861566 30.33761175 31.39629859 29.96623851 30.64790045
 28.76652228 29.91294421 30.1370427  30.62577443 31.12225515 30.24097389
 29.66968952 31.13794094 29.64414835 29.95547954 28.34209839 30.00451726
 29.21131431 29.80622255 29.92323848 28.7333141  30.40887793 29.58748939
 30.87427616 29.22629169 31.04111372 30.59907618 30.62365172 29.08356129
 28.91600221 29.98776794 30.60119523 30.12917216 29.996215   30.28818088
 29.83506455 31.49014242 29.77021983 30.60077802 30.13177901 29.25764081
 30.01064164 29.99596701 30.14699803 29.23493477 29.91923311 30.3077511
 30.77723078 29.88116025 31.47357862 30.67577626 30.0578586  29.89811525
 30.3837048  29.74839006 29.24866493 30.65652905 30.38966012 28.65043827
 29.95801012 31.24154983 30.28072966 29.73583529 30.13319189 30.08265112
 29.35028367 31.28680903 30.3958986  30.84015678 30.27512551 29.49111187
 30.89314684 31.50975681 29.29298463 30.30897294 30.18517855 30.95504002
 31.3041176  29.7640705  29.50824918 29.96709061 29.84125108 30.39955848
 29.09532417 29.06851631 31.73871265 30.75359478 31.51989783 30.16413393
 28.71643967 29.73273897 30.14474799 29.67256582 29.86237209 28.52174434
 31.88672352 29.85101772 29.63251628 31.32619564 30.60208009 29.98671281
 29.07744325 28.73607481 29.01057683 28.84978057 30.09146097 29.7489886
 29.24494715 30.95718507 31.68222639 30.37040973 29.98971603 30.56448676
 28.96710574 29.3179672  29.40545999 30.26287211 30.8208025  31.2074596
 28.25814646 29.8336733  29.65105059 29.24763381 29.64851608 29.3575556
 31.34121831 30.44463781 29.88417893 29.50690435 30.13365785 29.54893661
 29.46009863 29.56453004 30.13733253 30.28988902 30.8427031  30.85026935
 29.62892725 29.43155734 29.66312096 29.22666764