2.13310653 2.0688586  2.17174378 2.3259807  2.03015192 2.97182088
 2.53274944 2.5756422  2.79287952 2.38737181 2.06747212 2.69704382
 2.04514598 2.31112702 2.37131868 2.31534728 2.95044247 2.66621892
 2.88933025 2.08904333 2.19391012 2.4988049  2.68794745 2.63671144
 2.02220413 2.74404185 2.90617543 2.72642427 2.74518104 2.24330655
 2.82413656 2.00063015 2.12516781 2.64800623 2.11881516 2.00503519
 2.78061599 2.06356992 2.98758741 2.76831721 2.48153538 2.90582274
 2.77330844 2.8969825  2.17669161 2.18827623 2.56411944 2.24145614
 2.56242215 2.71321493 2.35331171 2.55547687 2.79260352 2.42417688
 2.09427188 2.13456943 2.46762846 2.27059236 2.14250671 2.71379261
 2.83510671 2.99185488 2.13790616 2.42300834 2.80164411 2.80334394
 2.01258049 2.48848342 2.15196072 2.86199585 2.38076904 2.54356408
 2.21469418 2.67591005 2.01329417 2.71019849 2.7911518  2.19102815
 2.05799432 2.300091   2.31799946 2.89289164 2.33058408 2.50069092
 2.22875952 2.79608872 2.2329543  2.32737499 2.02897473 2.11869961
 2.25967716 2.68257638 2.67570184 2.60903518 2.7422592  2.49623606
 2.74474901 2.02231339 2.62456189 2.30199286 2.28047557 2.43972335
 2.06209034 2.63022843 2.43177319 2.69898584 2.4791512  2.87537377
 2.17249538 2.28422198 2.40263114 2.22428954 2.3711516  2.56642181
 2.44893781 2.63966141 2.66597109 2.21183226 2.33026832 2.86359539
 2.12039245 2.95054658 2.50996399 2.85119691 2.20457294 2.96449608
 2.52228108 2.51895121 2.75753743 2.00376096 2.75517623 2.74497877
 2.96254479 2.18915849 2.81158435 2.8906755  2.97687044 2.00388642
 2.81236566 2.50759674 2.26985298 2.53605013 2.16648119 2.4847307
 2.25440186 2.71891535 2.48391158 2.46900246 2.36585879 2.24298735
 2.09933064 2.37669932 2.45629291 2.20803063 2.64832038 2.26197798
 2.57678212 2.94099525 2.35955038 2.08369238 2.081096   2.62388534
 2.79229297 2.44023329 2.73862214 2.41501362 2.91376819 2.85195729
 2.85752789 2.50723631 2.57042719 2.59587371 2.93516485 2.72124576
 2.16267495 2.05417671 2.63907706 2.43892966 2.38905227 2.39241984
 2.59561186 2.60835133 2.10510717 2.51939995 2.26518435 2.06841917
 2.09371638 2.19896987 2.78331407 2.8307851  2.40420478 2.24102048
 2.59198132 2.95151789 2.36074453 2.19783477 2.41956128 2.0084798
 2.23427814 2.31549084 2.83167088 2.13289352 2.24148455 2.07848026
 2.10750676 2.62426841 2.25494086 2.17307446 2.4164416  2.97809362
 2.27011569 2.48958867 2.05395034 2.78272289 2.53410554 2.90276146
 2.25989093 2.60828592 2.16764017 2.46019831 2.64103648 2.71290603
 2.61538166 2.28912255 2.78634576 2.5060053  2.20357616 2.12967967
 2.03074921 2.80296688 2.97018503 2.20199371 2.29040829 2.92117221
 2.73054885 2.65319116 2.80834598 2.16659366 2.5104359  2.17539728
 2.14374777 2.47719049 2.23451104 2.02345488 2.13481158 2.73774106
 2.54665312 2.91469925 2.09099008 2.14608941 2.65035706 2.80702335
 2.49423417 2.77406549 2.92040032 2.01610456 2.2533024  2.75031015
 2.8872353  2.1703584  2.11720103 2.96043504 2.88552122 2.37141894
 2.469234   2.73142421 2.54081611 2.59371238 2.84438636 2.51609755
 2.76217605 2.4349738  2.25973749 2.58722349 2.41983488 2.33052606
 2.12754391 2.8050276  2.44790173 2.12720171 2.80124184 2.36024823
 2.72307331 2.076163   2.90441001 2.20751073 2.94300328 2.39930438
 2.58672032 2.74442934 2.0309651  2.96690755 2.9731727  2.08615933
 2.24901902 2.99119663 2.8580594  2.47208673 2.95329626 2.28594685
 2.75801512 2.44594453 2.11687599 2.3210808  2.95336084 2.65272432
 2.4663726  2.084953   2.62197562 2.17423188 2.01417831 2.56421022
 2.15901281 2.84135706 2.91922159 2.62630041 2.2669866  2.11314577
 2.21632061 2.72324786 2.43589072 2.79201811 2.89870337 2.25438554
 2.44192246 2.80281067 2.9951569  2.50402094 2.09121962 2.76337347
 2.01142678 2.55689906 2.13050066 2.01588073 2.22577346 2.84209265
 2.10384889 2.83415218 2.63145114 2.19911576 2.41109058 2.17439605
 2.54083499 2.0448583  2.64613398 2.29681384 2.98698382 2.17508918
 2.01049382 2.81605551 2.52374597 2.08390816 2.63743579 2.46600482
 2.04664729 2.68113133 2.87591621 2.167802   2.11130848 2.70780603
 2.55543333 2.41943722 2.33052374 2.80875767 2.65043534 2.8479538
 2.70354723 2.59027658 2.62596976 2.09746001 2.12730017 2.12627473
 2.64599332 2.76942573 2.664025   2.02865623 2.79296279 2.2389098
 2.64943655 2.8522509  2.18390178 2.93072736 2.39475362 2.75110819
 2.66989474 2.98216858 2.83663299 2.01711023 2.31115246 2.96888074
 2.04428738 2.98760249 2.3677843  2.17268065 2.05890168 2.34445335
 2.68611277 2.78796921 2.08636751 2.75211954 2.17777999 2.63192723
 2.00087644 2.27152026 2.49397079 2.5870222  2.26279016 2.50674233
 2.70593847 2.3167811  2.23673943 2.55115374 2.78016778 2.09732053
 2.4790899  2.37972362 2.6497968  2.19503013 2.83238126 2.17214129
 2.10817381 2.80329733 2.66085196 2.38797708 2.62103624 2.14663476
 2.22595055 2.04318017 2.40015833 2.29931205 2.69371303 2.94180055
 2.45523636 2.18927862 2.74516689 2.12374967 2.88476088 2.4889912
 2.31511555 2.53638967 2.34037522 2.79605021 2.7094002  2.02840742
 2.46671514 2.22411524 2.21715608 2.45084759 2.29437454 2.24782748
 2.50951919 2.55026451 2.51326035 2.84031345 2.03650612 2.52829152
 2.19065637 2.41337866 2.34540147 2.73786352 2.33359377 2.1120429
 2.04885933 2.03517695 2.86906367 2.01415655 2.91817941 2.1513274
 2.93591838 2.16034848 2.62111698 2.81124167 2.51583009 2.77101851
 2.32032891 2.379482   2.05460185 2.1800582  2.47464136 2.03865968
 2.18717013 2.2862922  2.50503024 2.58750617 2.04303974 2.38940396
 2.87946139 2.12299536 2.2377783  2.66672338 2.20260204 2.34993144
 2.29309785 2.74271957 2.96356411 2.30616866 2.63355909 2.65257377
 2.00304954 2.53556936 2.6829164  2.9631708  2.14606668 2.04612875
 2.42854764 2.56590954 2.73277325 2.87251709 2.07810301 2.67051763
 2.69984452 2.9793958  2.53959739 2.04777009 2.13624457 2.01577171
 2.17612931 2.89176149 2.41998073 2.23448708 2.06015075 2.67583996
 2.22207216 2.33644566 2.0014468  2.43717172 2.22646051 2.27411252
 2.6740552  2.90182554 2.28592635 2.16222019 2.04299801 2.4283346
 2.36304606 2.01364596 2.0380817  2.12254243 2.15316529 2.96072257
 2.29752819 2.08515885 2.65481054 2.46167692 2.8240804  2.14862931
 2.03726063 2.35957896 2.37802027 2.30011362 2.76727079 2.79512449
 2.56517906 2.17201961 2.22293463 2.72747489 2.85134959 2.61735384
 2.82438027 2.11656527 2.20382517 2.85247852 2.94390979 2.69561856
 2.42376369 2.76422018 2.56475462 2.19192932 2.49392227 2.32118069
 2.62167584 2.65504995 2.16528041 2.68740163 2.17595132 2.97637545
 2.13444545 2.42274249 2.89180775 2.92378325 2.82392784 2.22345205
 2.66420947 2.66298812 2.93161162 2.43849736 2.4949204  2.77360617
 2.62603906 2.72322616 2.76972949 2.5025509  2.51588509 2.53974701
 2.78681097 2.61524655 2.17445771 2.68886026 2.11540195 2.96782597
 2.28903934 2.61339946 2.88672843 2.95189457 2.16211149 2.72768954
 2.07021443 2.84587149 2.11918807 2.84474511 2.15830152 2.39755277
 2.73217268 2.56492737 2.55556739 2.10656393 2.18341629 2.58027833
 2.46336508 2.36115463 2.36969685 2.55326461 2.92461689 2.26716066
 2.4557624  2.20704906 2.24798209 2.65836446 2.70342958 2.93783334
 2.16335769 2.90716473 2.1212808  2.99243857 2.59746574 2.51306721
 2.14772081 2.10186895 2.43062455 2.06857286 2.63289015 2.48678118
 2.3972312  2.39503423 2.29944303 2.4629458  2.09359098 2.32867499
 2.44843947 2.64369621 2.05613329 2.00535756 2.46709604 2.60543808
 2.19235724 2.5398308  2.31686474 2.55960916 2.2733996  2.32618517
 2.74172537 2.79091178 2.05924725 2.36060294 2.80451736 2.07387233
 2.43034553 2.71089233 2.38331045 2.3954804  2.23303212 2.86727513
 2.96419791 2.35207605 2.69353864 2.4275418  2.65024666 2.61176029
 2.65328798 2.55381578 2.57844412 2.11185367 2.71157172 2.24793973
 2.65177572 2.60099642 2.10786636 2.13197085 2.90968831 2.64158889
 2.13001387 2.5174117  2.21804406 2.88839738 2.58492297 2.41181835
 2.60496114 2.43461556 2.7051385  2.57325144 2.56421485 2.57243857
 2.9921333  2.92759498 2.9902389  2.78531081 2.91767016 2.54341707
 2.8299723  2.05977109 2.70997049 2.4795916  2.48669258 2.20996524
 2.80784107 2.67153169 2.27038555 2.01186936 2.23898739 2.96588816
 2.3847262  2.96645621 2.97462655 2.4850735  2.60518464 2.92759544
 2.16122134 2.42740775 2.36066889 2.84934222 2.76378535 2.3481545
 2.92744199 2.91615994 2.47516526 2.11778923 2.37927612 2.61344381
 2.78963272 2.68396045 2.82078457 2.97932818 2.18727747 2.44891109
 2.29449107 2.28860232 2.41178252 2.96745306 2.3739992  2.21789923
 2.85921223 2.32363863 2.58542421 2.44246036 2.04453325 2.40549886
 2.23376582 2.40809385 2.18255301 2.64085498 2.34303174 2.44649575
 2.66127785 2.67669096 2.74203068 2.08412826 2.38000251 2.33099862
 2.70835085 2.05047548 2.40548082 2.16559943 2.9899741  2.83180607
 2.56194204 2.78781352 2.08137464 2.53684781 2.2931529  2.90255308
 2.63251546 2.24995038 2.02889741 2.29482734 2.17785566 2.73924469
 2.39537653 2.36545171 2.87936033 2.15164225 2.43381125 2.39759277
 2.94845834 2.69965251 2.12384546 2.78225978 2.97699284 2.46097318
 2.14251415 2.45677508 2.81813004 2.11223387 2.84833984 2.15445848
 2.89852571 2.93916845 2.58603832 2.52604492 2.78545576 2.7664196
 2.49663306 2.23570919 2.19153675 2.32360297 2.29746031 2.85730022
 2.37609136 2.68005411 2.47314838 2.87347116 2.86097253 2.30462615
 2.2161402  2.65880092 2.60677964 2.29784145 2.24341614 2.47256886
 2.52133087 2.67317681 2.28584417 2.0550652  2.38694371 2.50612988
 2.89068085 2.8391234  2.13802334 2.26643995 2.36146223 2.17343581
 2.4907311  2.87872593 2.3525192  2.68842397 2.43509291 2.8158777
 2.79235663 2.36035561 2.21172967 2.30037987 2.09670351 2.71198471
 2.45766351 2.5917816  2.18287314 2.70164737 2.85142343 2.94578168
 2.12866826 2.30145552 2.37541494 2.24896001 2.41041241 2.85251277
 2.81591282 2.49814614 2.2899966  2.00048314 2.384271   2.97678887
 2.06536891 2.40018618 2.12635961 2.41871477 2.10985243 2.17049988
 2.29031324 2.64394755 2.56930856 2.78527324 2.97584149 2.43252862
 2.17439654 2.20751926 2.72454927 2.60774639 2.98627416 2.16627387
 2.00338953 2.71325051 2.48473482 2.71060815 2.54035634 2.97726467
 2.42654637 2.71192262 2.76543469 2.49167577 2.65509411 2.10043283
 2.95942874 2.12023784 2.87969012 2.58618929 2.86112327 2.35279626
 2.64481135 2.25701632 2.88646441 2.43090076 2.92096265 2.89676405
 2.45552375 2.35388165 2.34485338 2.43760108 2.43940343 2.78623971
 2.51965728 2.68361542 2.48456231 2.17700858 2.08673178 2.40964221
 2.51520587 2.42958329 2.93583069 2.93260914 2.13607415 2.80081453
 2.15208677 2.74663104 2.39032002 2.44675621 2.6959522  2.94926932
 2.97950042 2.72466587 2.28838786 2.81246977 2.16973296 2.24262447
 2.69544098 2.33953909 2.725091   2.53312936 2.31233302 2.23962552
 2.39799679 2.59195435 2.44859654 2.4028144  2.02063074 2.18569848
 2.5716897  2.2732098  2.17698516 2.54200573 2.47268567 2.70832383
 2.36879597 2.68433279 2.50071876 2.78560824 2.32185889 2.76942934
 2.58118662 2.70039215 2.90664931 2.03828485 2.30581143 2.46865444
 2.79053432 2.84521728 2.09794578 2.70301055 2.52857317 2.07592361
 2.11405614 2.7565776  2.69946997 2.38562639 2.25773934 2.89552089
 2.7661014  2.98819233 2.72689702 2.28081529 2.41239061 2.75112099
 2.45568289 2.24669563 2.93696734 2.63865311 2.36013397 2.48908433
 2.95483913 2.79160404 2.87674382 2.20155173