6.21501749 6.07512089 5.36571642 3.5885651  4.41918443 4.94190611
 3.1603055  4.94474362 4.94173737 5.47881561 5.71767637 6.30146107
 5.20743767 4.6150848  4.1748882  5.47518407 5.72382302 6.03973366
 5.31464114 5.76525427 3.45748717 3.71007324 6.59636772 6.43364616
 6.19707036 5.65258694 4.49831006 4.95557206 4.55636412 3.52090012
 5.24364247 5.80639646 6.09671844 5.49505414 2.87847672 5.89282325
 5.93346818 4.94863684 6.24032717 5.88996146 3.11336542 5.62199751
 6.76689225 4.66296736 3.51889976 5.46574648 5.22311427 5.796473
 5.46243138 5.29458732 6.05226378 5.73210327 5.16352161 5.96262221
 5.45046532 5.75279691 4.48347792 4.55380352 6.61084319 5.71816502
 6.20238882 6.02163773 5.17321507 6.90845163 3.32320703 5.09735726
 2.55582985 5.4653292  5.83879427 4.62318094 4.1318089  3.8328089
 3.93423971 5.290355   3.72330973 2.77574253 3.58062012 6.37648771
 6.26385364 4.66020065 5.92096846 3.30693357 3.38894301 6.57586505
 5.44081609 5.79176726 5.81967728 6.5108179  3.25843156 4.15119817
 2.25179261 3.67034714 3.60977866 3.69818258 4.13388499 6.05713335
 5.81896126 3.5488724  6.86703183 4.30239555 5.30288284 5.68365628
 5.1077812  5.01903859 6.14152235 6.3902231  6.55004434 3.88252055
 6.69604789 6.84419945 3.86213177 3.86186111 6.30371467 6.36683488
 6.75776076 4.25437541 6.17804527 3.83754255 4.9556771  5.15122782
 5.40579376 4.71703369 5.52452215 5.22520256 6.46913873 5.62607352
 6.16168345 5.76187585 5.65165135 5.75212005 5.5679848  4.93369668
 5.1230945  5.01315557 3.07641843 3.67595378 4.05292003 4.95309412
 5.21314833 5.50008471 5.25823661 4.82984497 5.48914826 6.04921543
 5.12298688 6.29048471 5.96846567 5.4126967  3.706916   3.52278535
 4.47799607 4.54109693 4.64282854 4.16793011 6.05746085 6.22786365
 5.59531243 6.14853171 4.60221938 4.81255601 4.43953109 3.72991991
 3.62497197 3.98404108 3.28623203 2.47934991 5.13745305 4.89546472
 2.93749517 4.90222803 6.06822939 4.24003352 5.03506195 6.41845176
 5.98678156 2.20085308 4.38834175 4.91811992 3.15498571 4.48131665
 5.26336229 5.62591514 3.68600737 6.08399041 4.22414584 3.18284947
 4.74751788 4.84790031 4.43566175 5.60385408 5.92501445 6.12639193
 4.9091654  5.64504327 5.36527877 4.84862884 4.54588752 4.11038636
 5.58761859 6.30997283 5.14341338 5.09011393 5.64504399 3.34709074
 4.91190141 5.45355402 2.84966916 3.87209177 5.98103286 4.52059515
 6.44458165 6.08617792 5.2990183  6.11261699 3.53979438 5.22362803
 5.74024801 3.37642189 6.12280968 5.52173413 4.91546389 4.2988627
 4.89716272 5.03695065 5.41758051 5.69941708 4.39083998 3.3102908
 4.30101019 3.85861671 4.86564006 5.81824187 5.1685413  6.32296327
 5.38663484 6.28124935 5.69632827 5.9274778  6.55436056 4.3740563
 6.51930945 6.01813128 3.81694485 4.10774664 3.83231933 4.73550427
 5.3540122  3.63662677 3.70273876 5.78187482 5.86376207 6.30312466
 4.82575925 6.1848129  6.40817754 2.77847655 5.78667308 2.81877644
 4.99537009 4.07411343 4.71782673 6.01306003 5.99419784 5.74474041
 2.6133885  6.23287014 3.69809921 5.48018558 4.69602235 5.7551742
 2.68536447 5.23634255 4.98325498 5.6791393  5.2998823  5.86078548
 4.94681426 4.95004947 6.73331179 3.32163725 5.33115099 4.09948107
 2.44317583 5.17589994 5.53145037 3.82057084 6.23886437 6.1941523
 3.17372819 4.52812522 5.13356803 3.5377888  5.97716868 5.12647633
 6.4582876  4.19741204 6.41118745 5.5311578  3.44042425 5.60442651
 6.21323989 4.81838524 5.74999781 3.68484275 3.42688551 5.88646193
 4.72281138 4.34506087 3.22819325 5.03588448 4.50101461 4.59549784
 6.11550343 5.87925673 3.6316391  5.25592308 4.84406311 3.80194039
 4.69245163 5.19435677 5.83437098 5.033089   5.69467721 4.73788799
 2.59269804 4.82994969 3.76860049 5.80250122 4.61293227 4.98829849
 3.96487683 5.17780124 4.19812984 4.66295308 3.53990721 4.87003981
 3.13230706 6.51255854 5.99434186 2.48849761 6.40677828 5.46302436
 3.57667577 4.56840051 5.97220335 3.76670138 4.09961457 4.79960597
 5.32726771 6.2110508  4.10908581 3.89721765 6.97405384 5.96071219
 6.48914933 4.84779612 6.20385631 4.61926142 6.95418204 6.14915492
 4.36056326 3.13811941 4.18157822 5.59022511 4.24994325 6.44119292
 5.00830167 2.80859113 5.73052781 6.05374985 4.99805906 5.92037998
 5.98803993 4.52256277 6.66605896 5.84661231 4.15575332 4.70010957
 3.89032213 6.45741855 4.47729252 6.54888579 3.73456847 5.41907223
 5.67944564 3.67118816 6.19485388 5.03564172 6.03571093 4.48599774
 5.57986476 3.53703904 5.0787419  4.51308541 4.46271115 5.4291686
 5.36603051 6.39944665 6.2257796  2.92261058 6.06134013 5.92613281
 4.38678824 4.7190952  3.59201076 5.79494261 3.52233906 6.14912713
 4.80823101 5.64208929 4.74926475 3.27950888 4.08224173 6.20868599
 3.28165245 5.12827173 5.53234822 2.45624737 5.8464023  5.05557586
 3.35784559 3.69204597 5.44101179 5.45605828 5.1869762  5.02869695
 6.13760282 5.92002727 6.06002228 5.43871188 6.12980215 5.65442772
 4.39394632 5.72319819 6.5087031  5.16535723 4.54026478 4.38961523
 6.41611447 6.27437727 6.31884862 4.82488794 4.30981436 2.86832383
 5.30925161 4.43342111 3.67493985 3.37873763 5.94869204 6.26275652
 5.87449857 5.43199108 6.29261372 4.29951804 5.48550903 6.68519949
 4.93977178 5.9550527  6.45393185 5.17047552 2.49388445 2.20841821
 3.76449998 3.80351265 4.28502748 5.69528404 6.69489953 3.55918737
 5.638267   5.99003455 5.2309162  3.83923798 4.59941733 6.76738672
 3.52288938 4.67523231 4.71634751 3.14211696 6.8520958  5.07018512
 5.45282943 3.61982033 3.71781352 5.97030188 4.35958311 5.44424497
 3.89850749 5.21948688 2.51421664 4.15727713 3.61903503 6.03480948
 4.88381872 3.99059079 5.7997405  5.95337129 5.75030917 5.95643536
 5.99940571 6.15068339 6.02847487 5.66246689 4.7692239  4.74168921
 6.44609341 5.63132671 6.02449143 3.97102215 4.92898643 5.81064971
 4.72806767 2.99098436 2.93740643 6.25830753 6.3468825  5.31371938
 5.86041593 5.59011042 4.77423983 5.32745222 4.45884801 3.54216953
 6.69565869 3.78372565 3.11018976 3.33462215 5.16356154 6.21060987
 4.11632167 4.56422477 4.68148016 5.44689082 5.08124705 4.25482687
 6.13482495 6.51834768 5.78204039 5.57243612 5.14576295 3.85246329
 5.51940462 4.62186714 3.74878462 4.2303634  5.13363104 5.74811971
 5.99068415 5.29599392 2.6252442  3.66100012 6.32490109 3.73825383
 6.18124513 4.57272978 2.65782838 6.33010245 4.76772056 5.58855997
 5.32229688 4.23173906 3.90569512 4.45503978 5.02835237 5.8951073
 4.13341004 5.65947929 6.11956063 5.73436646 4.14770248 4.75961012
 4.27438127 6.24679148 5.02940539 5.2375359  4.4915123  3.28415668
 6.58015142 6.25625769 3.67450688 6.27536101 5.91800352 5.81111227
 4.52440332 4.93589552 4.96872892 4.84637494 4.97926265 6.09229552
 4.88445697 5.24288503 5.68637329 3.2825612  5.88269966 6.78617193
 4.50265589 3.91731883 4.88626595 4.82984978 3.08889217 5.949504
 3.74534673 5.91153653 5.69469687 5.48291705 5.20919685 3.68540405
 4.47807387 3.65116936 4.93807166 6.09097903 4.05097014 4.66498455
 5.66764915 4.57311741 4.88725083 3.51104296 4.53910177 5.14871636
 5.95444621 6.09591962 2.23527373 6.34204313 3.46400967 5.89801576
 4.30662439 5.89481298 4.57180995 5.68656415 6.14587179 5.57533494
 6.07196297 5.17363863 4.85158222 4.04459951 3.11796407 6.02595277
 6.10773185 6.133552   5.85695949 5.07879354 5.26259382 4.35408837
 4.44254284 2.26544628 5.02107223 5.50948284 5.85178824 5.50424593
 6.83213731 5.16911981 4.82718171 5.66426094 5.1824343  5.8718578
 2.76146747 6.71480973 5.10678239 2.64102208 6.05268601 4.4020754
 3.94812081 6.74051755 4.98580508 5.9986097  5.71991953 4.4303012
 5.73337784 5.98311347 2.58813064 5.96354495 6.2172163  5.83924063
 3.59508347 5.85001328 2.88489713 4.36282229 6.04831471 2.3617
 5.49439406 5.96239472 4.35391901 4.140075   5.8651014  4.45629589
 3.34089611 5.6967501  4.40036809 3.13322167 3.553449   5.86337971
 2.79164509 6.29477534 5.1878298  6.49509557 3.45646327 5.1431648
 5.86806199 3.79482394 5.25623991 5.44630714 5.69264902 3.09524903
 6.41071958 5.9283501  5.65170407 6.11806193 5.24671606 3.65739665
 6.52426449 3.61089362 4.25010398 3.7633662  6.5867612  4.55328072
 6.53579314 4.65912815 4.63926922 2.93843947 5.56233265 5.90918243
 4.62992453 3.72020578 5.69937867 3.38685659 6.41419948 5.20778471
 5.35774796 6.11809738 6.09507734 4.92662378 6.45460182 6.68915523
 5.37007784 6.44626054 5.41048693 5.22070895 5.65261004 6.08247124
 3.86931218 2.89264798 5.24762753 5.87474159 2.87049669 5.22164049
 4.54404266 5.17819464 3.08557762 3.7269049  6.7636694  5.42156167
 5.23802019 3.0627719  3.84646196 5.54957017 3.79995664 4.58216533
 6.09650829 6.00368707 3.96872789 3.8690847  5.28878442 4.8645336
 4.49820413 3.08735086 4.77792363 3.24470646 5.52499195 6.00796745
 5.46294543 5.10432736 5.89501187 5.50142128 5.77436012 6.69853245
 3.13413862 2.36285091 4.36241516 3.69365123 4.88526284 3.59460587
 5.30342743 6.25954048 6.00429595 3.53259311 4.83354802 6.06301027
 4.74617714 6.02787072 5.30618207 6.60464951 5.8296096  4.35469618
 4.6692588  5.01190694 2.46800773 6.08422344 4.13922875 4.31063364
 6.2374911  6.82197033 3.75836323 5.72034627 4.60704829 6.20062817
 6.05942322 3.02295862 4.66136192 4.12815435 4.9269904  2.51512647
 3.34029096 4.59232157 5.97324424 5.94612069 5.37850788 5.53447287
 4.99920557 6.16836307 3.89585585 2.35183681 4.63124238 3.67882312
 5.16387381 6.71176682 6.05470292 6.48651104 3.7101187  4.83877827
 5.58448705 2.92568947 3.8081344  6.58551434 5.36244398 5.26774014
 3.68615353 4.01612915 4.88698096 4.56461647 3.20881161 5.46825704
 5.71139328 3.59419175 6.3591668  6.58869447 5.73946479 2.14580009
 4.79312335 6.56818537 4.22357127 6.51559419 5.25801465 6.13292557
 6.56890124 6.56301761 6.59784483 5.88535234 3.38981087 5.00259505
 3.28842546 6.51056156 4.28583261 5.84664409 3.08858858 5.45585538
 5.17535856 6.25587276 5.71403115 5.59952107 4.87729112 5.81683975
 4.54036274 6.18923091 6.09325739 5.08655706 4.79539087 5.63168312
 5.80515776 3.31818304 3.30910499 4.27033556 2.69848249 6.48606617
 4.68839156 4.67804384 3.00654561 6.31991244 2.57247364 6.39543084
 2.58792272 5.96006134 5.57750197 3.75328936 2.30939494 5.21442801
 3.82176093 5.68197493 5.88299647 6.34047518 6.18764155 5.72259678
 5.10975549 5.17047933 3.25666743 4.75513084 4.39024909 2.89197966
 2.77477228 5.33170858 5.89900519 5.39458617 3.20642247 4.84579809
 5.43019252 5.70481505 3.75065603 5.19377941 6.10013097 3.12886427
 6.12195963 3.50485773 4.64252925 4.34681979 3.91463347 6.40888379
 5.75627526 5.6723678  4.24102658 6.44941536 3.14396953 6.66699459
 3.43398983 6.37961545 5.94824063 4.65869147 4.07590356 6.37874651
 4.84801102 4.52696679 4.14403231 5.38596624 5.21613974 6.5439
 5.87374572 4.46632382 3.43878652 5.40119098 5.0719917  5.11780171
 5.03453629 5.08556971 5.91762862 5.19863718 2.94158294 5.58241774
 4.48077633 4.77792654 6.29942912 6.34059036 6.564873   6.20326835
 6.69974503 4.92415338 5.67614435 5.70102686 5.59062228 3.87635082
 2.94771118 3.7947264  5.95430518 3.1723325  5.97978554 6.00694374
 4.68289699 4.99078174 6.01826929 6.45528766 5.74549693 4.4562464
 5.63933911 5.04028017 4.82819452 4.94156827 6.3114572  5.32998951
 6.11953569 6.59392304 4.09105745 6.70255055 6.20738392 4.17339887
 5.54780857 6.08307149 4.34017382 3.71300471 5.84633042 3.71775615
 5.91335823 5.84359548 3.66886187 4.91625597