8.6317893  8.31705479 8.66793649 8.86082968 8.02413743 8.28865708
 7.70234168 8.48004424 7.96410637 6.99021816 7.19314748 9.05118368
 8.42401814 8.18334173 6.26682471 6.19637271 8.26235172 8.79919821
 8.18188605 7.60553678 9.0679399  6.83267401 7.66307125 8.59625327
 9.70823694 8.15277856 9.18823673 7.87090856 8.81267748 8.75444779
 7.35517639 9.52881928 8.94848911 8.22184771 8.97860851 7.22211317
 8.74843114 7.87140715 8.22153335 8.12017708 8.76901097 8.058511
 7.92276782 7.83643278 8.88404078 8.90052596 8.50939677 8.53835147
 8.72530401 7.07053839 8.6058175  8.5765901  7.56250791 9.84138614
 7.35006341 7.67580359 9.02006362 6.92055777 8.14459392 8.93320225
 7.57506931 9.02232092 8.58117368 6.24886771 7.02036687 6.62951123
 7.36415453 6.83623344 8.31865523 8.83112378 8.0269334  8.44301583
 7.95887304 7.23346363 8.50727462 9.03849061 8.20852003 8.49860023
 7.9324664  9.09453325 8.54820537 8.81734328 7.63991189 9.45212426
 6.92823136 8.65331004 9.12465675 7.08374393 8.11475397 7.36138097
 8.37254127 7.27368023 7.37408625 7.31058123 6.08671258 8.82969233
 7.86205718 7.6681019  7.71000646 7.32992846 9.04236652 7.97765948
 7.82333276 7.24402993 9.55851482 7.29709062 8.08216778 8.76324493
 8.51037469 6.76211306 8.51714281 8.14577474 7.4744789  9.73236895
 7.16726858 9.45607469 8.32914214 8.55673711 8.94766824 8.42014861
 7.11481703 7.67811409 7.67629278 8.50272304 8.00382576 7.72023034
 7.87058792 7.74291692 7.74032782 8.45807518 7.2495565  8.18672058
 8.17394361 7.83932076 7.33630511 8.76991159 7.52224713 8.63790072
 8.46422615 7.79256604 6.24179791 7.16564613 7.79117264 7.34640325
 8.80246397 8.4030615  6.83126767 8.82486316 8.20356159 7.29404713
 8.42193748 7.05005216 8.48206099 8.4925668  7.11706995 8.38519941
 8.29836832 8.35270618 8.37402081 8.36799668 8.43841955 8.60355053
 6.96759213 9.16107013 9.58441034 8.81665084 7.38651308 9.30263885
 7.4257391  8.45310734 8.96547931 7.33293956 9.11494487 9.41314191
 8.02356156 8.66830914 7.91823544 8.33814835 6.88194642 7.31255368
 8.5424617  8.30751282 7.01617391 9.58466841 7.91550872 7.33352063
 8.5175725  8.94300179 9.24433693 8.35938372 8.01099893 9.31440782
 7.30862869 9.31463448 8.32351418 7.48043701 7.56042433 8.29159799
 8.42809509 8.12988459 7.155131   7.8720712  6.40575244 7.99017479
 7.88184621 8.53988416 7.27601366 7.85466298 8.00893926 8.14428891
 7.80869882 8.96095512 7.74201808 8.05066801 8.32402446 6.3322333
 8.70629803 6.92817565 9.52157885 8.60018183 9.19052715 9.29548879
 7.69779417 7.95012611 6.99130906 8.04016038 8.56069703 8.98710088
 9.22033857 7.23223936 8.24167941 8.74665634 7.92727277 8.7411997
 7.89491582 7.29791625 8.49487458 7.89262958 7.84674151 9.0555269
 9.66473892 9.42091849 6.86867564 8.64978756 6.96030874 9.39207748
 7.43325032 8.04529595 7.20497447 8.31694258 8.64920101 9.3114056
 9.30031838 8.40438423 8.32527807 6.69754907 7.4559023  8.43415795
 8.96050364 7.53184246 9.26503161 7.84572729 6.60279371 8.45656904
 7.0061742  8.09052164 7.6682994  8.39291049 9.16028294 8.31572296
 8.0939626  8.17399184 7.86661993 7.72954848 7.02762434 8.62923439
 8.18538958 9.40921432 8.91656245 8.45488471 7.39973538 6.95532521
 8.77022029 8.56416445 8.12042986 9.08377145 8.08962812 7.53415632
 8.72081543 7.88983662 8.9289195  8.37019005 6.6817356  9.30062194
 7.29866285 9.08757769 7.50575037 8.58942032 9.2820531  8.3865049
 8.70733036 9.33326408 6.37363787 7.61639174 9.20785758 8.26322416
 7.02767348 8.03815489 7.64946697 8.16913529 9.29152088 8.32906787
 8.03979619 7.29398344 6.78695998 9.41402601 8.22657022 7.95227099
 7.50764883 9.02653976 8.57453625 7.74399698 8.19428119 8.32082426
 7.74724924 8.09596683 6.93753437 8.96808564 7.51716996 7.97630579
 8.00798612 8.35503269 7.0585356  8.58193697 8.24121909 8.08754059
 7.36081305 8.35208631 7.55104329 9.0936802  8.00477007 7.85544925
 8.29785889 9.33671211 6.67982001 8.83631939 7.69700242 8.76608554
 8.67496828 8.84599792 8.45306381 8.68817423 8.88795742 8.43608755
 8.68568828 7.00339753 7.26279687 8.66439278 7.61112082 8.12685935
 8.52654143 8.46789847 8.50004254 9.96416713 6.8383934  8.56995761
 8.83742285 8.74886263 8.56812828 9.02303973 9.3124113  6.88477851
 8.81523498 8.2763287  7.92702931 9.36234065 8.99962048 7.76498653
 8.10247148 7.93509947 6.83754009 6.94906819 8.52819048 9.61162421
 8.45401189 8.51639483 6.96306388 6.72849072 8.91455759 7.69327485
 7.04044648 8.80477772 7.50216811 7.77188771 7.09613083 7.76292055
 7.47606295 8.39507467 7.70577548 8.00198193 7.78938916 8.81858497
 6.9361438  9.06593226 7.71147286 8.36605013 8.4578881  7.75857966
 8.52675791 8.17976312 7.57300718 6.99348025 9.62250938 8.23185183
 8.19239283 8.54280008 9.16981741 6.87107097 8.87150976 7.93189771
 7.18140177 8.14138026 9.09156736 6.9161889  8.6513096  9.38821275
 8.20583851 6.7408816  8.16043358 8.89769594 8.14127442 8.02322908
 8.13159855 8.11773117 8.23671635 8.67144149 8.13666969 7.21618636
 9.01947941 8.60856682 9.29366281 8.44769488 7.21591041 7.18028032
 8.01312418 8.22677668 8.58826206 7.08901986 6.9543337  8.44612371
 8.18440375 8.18284316 8.69417821 7.94705636 8.09817438 7.67947136
 9.05922444 9.20510779 9.06317692 7.22513833 8.02589407 7.8215536
 9.25374135 9.46928029 8.47073524 8.60028772 8.11412934 9.00110432
 9.45217161 8.12384752 9.63464689 8.30500236 8.88989167 8.94824037
 7.3896551  8.95709873 8.83600133 7.51764554 8.41874793 8.08435929
 9.56531827 8.83086198 8.08337544 8.00713031 8.26257328 7.42637971
 8.68900246 6.85725874 8.54953808 8.22807963 6.90074552 9.0900973
 8.67077118 6.74212887 8.2132793  8.62192085 8.57016504 6.85145703
 6.76605678 9.07772476 8.670011   8.46739529 8.70160987 7.84593378
 8.55573468 8.73687535 8.5634907  8.92208104 7.5861184  7.40702895
 7.62521933 8.83421232 7.89406967 7.34736178 8.50573877 9.24899102
 7.24134845 9.69268223 6.32353772 7.5011043  8.28352958 8.26342184
 7.87194588 8.50658087 7.89611235 6.86708567 7.71386023 8.41424758
 7.94361069 8.59302956 6.74118802 8.45887428 7.12477057 7.42486043
 8.22857234 8.53231833 9.23523026 8.88330411 7.22294926 8.94652691
 6.39783757 8.90761464 7.82782974 7.0961098  8.68575693 8.40550749
 8.56634488 8.26399502 8.66365835 8.12863797 6.91528194 7.1886234
 8.26046946 8.96864404 7.62331037 8.16616918 7.50627848 8.89833152
 7.13653104 8.36413142 8.59544474 8.98519487 9.09401047 8.69203694
 7.63076347 8.8101817  8.50110797 8.57254257 6.23612207 7.34891324
 8.4972014  9.55953968 7.96364728 9.23497651 7.9074834  9.45985307
 8.28808723 8.4060122  9.61115507 8.81070508 7.42305892 8.66041571
 9.252009   8.32018593 9.23483193 8.92008515 7.78842501 7.84050296
 7.34563349 6.82994869 7.34605916 8.28255736 7.9501222  8.56538535
 7.49106    9.09298794 7.07404645 8.77200953 9.01360244 7.20627872
 7.38215488 8.33243585 8.39792146 8.98518776 8.89212123 7.11947451
 7.51861621 8.58557566 7.79620719 8.15249723 9.22389594 8.33215555
 9.178444   8.04539476 8.14735765 8.23390024 9.0342053  7.30328955
 8.24251834 8.46393321 8.76012424 8.20285225 6.94453667 9.11470454
 7.41803868 8.83361953 7.22966724 8.33932041 7.61447636 9.2979431
 7.23229317 8.88176166 6.58383732 8.78620187 8.4429974  6.88797727
 8.36441262 8.09214309 8.82493489 7.54753755 8.13162091 7.92348267
 7.63901516 8.00418446 6.70867606 8.70044188 8.79214676 7.41702743
 7.63061311 8.28702637 8.01975702 6.9899151  9.22848725 9.4688147
 8.88220132 7.90889804 7.02390768 7.1155106  7.26293712 8.5329628
 6.78683082 7.90833058 9.0732483  8.69897356 8.16564904 8.90953745
 8.25548029 8.7701215  7.70091492 7.68363103 7.96593325 8.67222519
 8.83302103 6.50712715 9.44220712 7.20649802 7.50315272 8.64722903
 8.91578087 8.75195468 6.91161077 7.74345519 8.77389536 7.66796769
 8.06533601 8.61046321 7.06117835 9.10334308 8.33874381 7.18354423
 8.71022176 6.12009518 9.27419338 8.42344957 8.69698507 9.03311132
 9.33654049 8.52608954 9.03936932 8.29360929 9.06858822 7.52554536
 6.9670716  8.92421932 7.87175877 8.88770448 7.20371123 7.5329301
 7.57532175 9.42842515 7.67147467 8.42430252 6.19053137 8.56565766
 7.44754272 9.28376825 7.87143294 7.63001122 9.17544872 6.98121491
 8.97739641 9.64525234 6.32573186 8.13957053 8.36699907 8.64553156
 8.82851593 7.64294138 6.84432162 8.95119229 8.09421089 8.14104491
 7.01042699 7.59980795 8.71910831 7.59893301 7.46196985 7.63185051
 8.45406682 9.51977509 8.71918042 7.54585029 8.38302651 7.635445
 8.36439204 8.01675161 8.81201348 8.18161562 8.63291949 8.34987047
 7.69195477 6.74654634 8.28989788 7.76102219 7.63443259 6.78625633
 7.56145871 7.80970126 7.04236539 9.57797848 8.30780364 8.82025346
 8.4131295  8.3427065  9.04943821 8.50503    9.23830947 9.57287789
 8.30753716 8.61752925 7.46054495 8.81659731 8.97710458 6.35326852
 8.41417787 6.2448296  9.24989779 8.86997406 9.22172821 9.42978331
 8.64565006 9.53961479 7.48155057 7.26541809 7.2719807  7.52340703
 6.69902998 9.45583093 7.87594848 7.27957174 8.84012186 8.60805714
 7.79180287 8.20515303 9.18993307 8.06286168 7.82168013 8.00631978
 8.71910494 7.13749472 8.25928296 8.43663222 6.44673317 6.79343527
 7.13255595 7.30420525 6.98443465 6.8342754  7.05052723 7.09297937
 7.20976342 8.82507328 7.55096083 7.73196267 7.39454243 9.04432823
 8.65866082 8.71709454 8.62054061 6.47030372 8.85117057 7.26037146
 8.76545612 7.46254483 9.75210516 8.34505257 7.58027664 9.85492953
 9.49943344 8.95895787 6.61625543 8.56456152 8.30321009 7.44722451
 6.77627504 9.11964981 9.59397263 7.85909469 7.79012364 8.82296572
 8.83343571 9.1416626  8.11537645 8.86466892 7.38277965 8.02527995
 7.81704882 7.95847978 9.35377817 8.25677985 8.47393377 7.97149165
 7.8530292  8.9108437  9.23770735 8.76248908 7.85448343 9.43697821
 9.71719035 9.40505138 7.54019117 8.46698609 7.02663648 9.02826769
 9.80672793 8.52516547 6.60890134 8.71124835 7.89611852 8.00415562
 9.21259091 7.99428821 8.27601205 7.8972891  7.31522975 7.79427968
 9.25376231 8.03638942 8.52867376 7.29600547 9.47154291 9.06974184
 8.10849814 8.5009132  8.42107723 8.57695349 9.30657765 8.12222917
 7.66321758 7.82913002 7.84521969 8.17222308 7.17114092 8.98230795
 8.96690455 8.76783298 8.26466683 7.99457473 7.98352636 7.6278021
 8.08996585 9.17862097 9.17271595 8.87171218 7.05656718 9.37877891
 6.31534132 9.23188562 8.22352724 7.76117473 7.43236577 7.49450656
 7.35127519 8.28704819 6.90110355 6.69569268 8.61656208 9.33926562
 8.8947973  8.5588114  7.63788629 9.33807937 7.7615438  6.59807618
 7.49941039 8.18343774 7.97664077 8.61102161 7.49005293 8.56505152
 8.36040549 8.45234929 8.05081543 8.86707623 9.79840334 7.83592207
 8.40014698 8.55106931 8.61993662 8.52216052 8.52122922 8.96547929
 9.10730047 6.3442368  8.48690128 8.21695899 8.0152117  8.0379354
 8.65141674 8.6299469  9.41607373 8.5319349  7.92196501 8.39977339
 8.03178581 7.93750469 8.28617287 8.43601018 8.25616185 8.62308769
 7.30115959 7.75736252 8.99581881 9.56982439 7.65232569 8.09574237
 7.82823747 7.53119997 8.81381756 8.69660809 7.11082748 7.9150564
 6.94102112 7.57736234 8.29948026 7.03626601 8.53885646 8.74540016
 9.14412531 9.29631286 7.72858343 6.98235535 8.02069282 6.61250565
 9.25842333 9.05811709 8.64829232 8.16699093 9.02620102 8.48654859
 9.7704518  6.43436479 7.6258411  8.62602087 7.81295485 7.14890334
 7.24448096 8.00690102 7.56829758 7.46003212