2.7644752  2.34345554 2.38004458 2.36062714 1.1708705  2.72068023
 2.52901257 1.68367908 1.30089638 2.2969005  2.03559013 2.09301652
 1.88671974 2.12406563 1.90672247 2.634583   1.9656165  1.26104605
 2.26036601 1.80876171 1.26738451 1.06877134 2.90081002 2.85206392
 2.2169808  1.67328211 2.21724809 1.90950466 1.99290831 2.5646211
 1.01745351 2.49732375 2.51874112 2.14462428 2.82318679 2.94547053
 2.67035415 2.44642236 1.46371403 1.48168131 1.53055896 2.40633776
 1.43326266 2.34066923 2.82254478 2.49291332 2.112061   2.79481535
 1.99354911 2.65867477 1.97067302 2.43899352 1.36031977 1.59225314
 2.0454006  1.55182406 1.545173   1.00118378 1.26215686 1.10434589
 1.37127714 1.65807827 1.87717126 1.88279664 2.4348472  1.42882857
 1.27090384 2.48699979 2.13427461 2.56070611 2.46282395 2.33518511
 2.35766864 1.07376441 2.6185383  2.09609585 2.04788353 2.09913955
 1.90525728 2.21604077 1.51837843 1.70159235 2.22693068 2.37710029
 1.72891132 2.92671426 2.67962319 2.63956356 1.87730092 2.06127533
 1.05235071 2.49343653 1.44097027 1.73208557 1.84267353 2.16043459
 2.50237428 1.43843167 2.55422623 1.57092813 2.76282791 1.41963988
 2.41495485 1.00671497 1.80516403 1.18367706 2.05394103 1.18495719
 1.50118574 2.57476238 2.65201721 2.43037227 2.75462195 1.31926834
 2.26719108 2.21075279 1.81526967 2.52240081 2.76205685 1.52512551
 1.03781533 2.98076358 1.22210532 2.49165346 2.82965218 1.59075677
 1.67007409 2.74682161 2.87937425 2.76268789 2.14347936 1.03417931
 2.0703853  1.3779425  2.14902003 2.94672653 1.5087619  1.81126705
 1.42747727 2.82202917 2.80767282 2.95848023 1.07778396 2.06935907
 2.12016259 1.50895189 2.62842019 1.02705652 2.65435042 1.57305806
 2.9744329  1.2954597  1.64256168 2.40219244 2.82322426 2.93050892
 2.11350462 1.79097674 1.23938979 1.30735426 2.57761337 2.79673051
 1.11240502 1.96935516 2.02551153 1.21727343 2.30895721 1.2375813
 1.27635555 1.42811624 2.34023913 2.73810464 1.41859752 2.88981227
 2.65009451 2.9576325  2.1321202  2.1654658  2.09543786 2.210199
 2.9388445  1.8866779  1.50832205 2.20803185 2.66929581 2.10109831
 1.00755587 2.82067757 2.45404018 2.15387723 1.03409955 2.55071231
 1.74802742 1.42671456 1.46537501 1.95023392 2.82336399 1.77045993
 1.9920687  1.00326504 2.378574   2.85564375 1.83578042 1.88779809
 1.56023672 1.07832453 2.62956956 2.28612277 2.71615328 2.46275612
 1.85351199 2.79031567 1.52872788 2.4331317  2.07771504 2.29019599
 1.05411071 2.56366121 1.8528785  2.47169511 1.51738714 1.14665021
 2.80618115 2.62535918 2.64985859 1.53864894 2.13887255 2.42606819
 1.30098169 1.75146149 1.52414435 2.09533858 1.75273432 1.97125734
 2.39866174 2.9819106  2.85592385 2.19724068 1.75916043 2.81860402
 2.99780478 1.20432864 1.41803481 1.17165521 1.12505523 2.08320813
 2.16588951 1.66458303 2.44499411 2.01643075 1.54886269 2.13718984
 2.2841842  2.00774115 2.99341955 1.97868601 1.43170106 1.08703354
 1.15294495 1.13203549 1.41852435 1.80135127 1.03215367 2.55109757
 2.33932703 1.12655273 1.67356033 2.86803558 1.67746176 1.70761401
 2.5168418  1.31907464 1.43227879 1.53930471 1.00071839 2.20023005
 1.99523223 2.85735302 1.22817382 1.77268915 1.7911895  2.90574099
 1.98813853 2.49946474 2.37561149 2.09522595 1.48569108 2.33264335
 2.48263626 2.11220801 2.6451728  1.73792192 2.90388853 1.4219832
 1.71238427 1.15703509 1.6001733  2.10382255 1.95872839 2.54318339
 1.0134819  2.62997561 2.46983465 2.38441958 2.99882644 2.40857639
 2.78185481 1.42974706 2.23203824 1.76532758 2.16638801 1.20942062
 2.17360093 1.94311289 2.80997861 1.70377413 1.40880007 1.6013782
 1.25947415 2.67546246 1.45944076 2.83330076 2.35454679 2.14762546
 2.8198797  1.60901168 2.18283286 2.72767508 2.90456886 1.2300878
 1.48267742 1.54742287 1.72566666 2.21253188 1.9137479  2.99180816
 1.28496498 2.2842116  2.10471898 2.63427344 2.63906692 2.10795687
 1.73354709 2.98220659 2.9848626  1.04607838 1.24866129 2.25548025
 2.12796862 2.08720093 1.02168248 1.79791161 2.32630275 2.73950491
 1.63803145 1.10679801 1.30518548 2.62853811 1.22974492 1.44694501
 2.88256651 1.3462859  1.62906078 1.12147894 1.90859136 1.76967745
 2.04524737 1.65641697 2.32584198 2.40324417 1.10238994 2.13616484
 1.04997003 1.79469635 1.77436365 2.16514241 2.05158016 2.88775089
 2.7384969  2.86001766 1.60298277 2.31816713 2.87377292 2.52322095
 2.31836077 2.38357074 1.67298876 1.91929088 2.98497745 1.2702225
 2.59722002 1.67213724 1.75037012 1.27773675 2.40108112 2.74690934
 2.47134616 2.63194379 1.31808587 1.91666421 2.88015712 2.46045548
 2.90151826 1.5067985  2.68179916 1.78311875 2.7313494  2.65032536
 1.38135857 1.35216428 1.47232694 1.54722225 1.77963068 1.38694208
 1.91105529 1.62975378 2.85237699 2.25086883 2.14825859 1.32772208
 2.55697038 1.20260734 2.17403921 2.93558392 1.98450521 2.39816345
 2.54943718 1.77207922 2.08993449 2.26602526 2.17219777 2.363579
 1.36497853 2.28016363 2.4389039  2.00246322 1.42992344 1.13501841
 1.18386775 1.84146027 2.33651775 2.4579214  2.9932181  1.20163135
 2.90829485 2.49919034 1.2725433  1.05534249 2.05871746 2.40134934
 2.17574288 1.27738982 1.83613134 2.09114731 1.17809315 1.27131911
 2.3648214  1.87240734 1.12394267 1.10167853 1.3080764  1.75349584
 2.93159286 1.43319968 1.95482202 2.06606666 1.32322968 1.12441344
 1.56043116 1.18002187 1.13409688 1.63799176 1.23359072 1.4440009
 1.40496175 2.81760879 2.97323963 1.04074645 1.95383683 2.61861155
 2.53297585 2.89102509 2.27311941 2.90060798 2.49448596 1.19343393
 2.10012383 1.21607737 1.65337387 2.74431511 2.32441644 2.40163597
 1.48701698 1.99767556 2.11592205 2.98302044 2.21789804 1.8422675
 1.02928837 2.30706655 2.88103361 1.72832893 1.89047689 1.67377358
 1.34385777 2.35694338 1.75601463 1.07229718 2.43194602 2.6860612
 2.31105305 1.32168592 1.75952929 1.58078098 2.89969907 1.53878116
 1.0491818  2.88568408 1.56889157 2.33948546 1.39461592 1.23738058
 1.33977673 1.69783475 1.40262465 2.72834515 2.71057155 1.48356894
 1.08800472 2.46885574 1.80249626 2.1782306  1.77184441 1.54034986
 1.68335241 2.85720429 2.9671776  2.19795056 1.80713753 1.16372725
 2.88553371 1.7225144  1.79594242 2.64011566 1.27852075 1.16774016
 2.50230643 2.80783534 2.35817273 2.49395322 2.97117611 1.65794877
 2.02362634 1.74325088 1.00734973 1.56426218 2.3611565  2.03972723
 1.91201975 2.69956033 2.37440306 1.79707913 1.06560863 1.19175583
 1.35651572 1.79835369 2.99598687 1.64605538 1.2727412  1.75106166
 2.98185782 1.17320227 2.94159033 1.06488945 1.10334015 1.370902
 1.39844466 2.24023763 1.80294091 2.22731482 1.44521756 2.1050985
 1.85845609 2.88321459 1.74080746 2.13091309 1.69284123 1.03455447
 1.54828059 1.01881565 1.8921787  1.81003438 1.6930267  1.06995531
 2.98618831 2.66585247 1.32624912 1.03863361 2.58234086 2.63888173
 2.26275681 2.02552802 1.74292613 1.40596327 1.76579897 2.09155975
 1.76745256 1.11612188 1.24304094 1.15680145 1.74628992 2.46071659
 2.08359562 2.62981963 1.58419216 1.93527849 2.13832635 1.39655894
 1.18137011 2.42314596 1.49403475 2.02141196 1.53596403 2.67261648
 2.5852518  1.4580947  1.28355637 2.54921511 1.69823778 2.44125431
 1.38839519 1.9574253  1.01774073 2.46658531 2.96421618 2.05608036
 1.18202653 1.24834272 2.91992224 1.96994536 2.32521921 1.0215169
 1.27052784 2.72871433 1.27220525 1.25727505 1.71434157 1.05382158
 2.89699512 2.50908261 1.70056603 2.7676468  2.39521461 2.08205617
 1.6970572  2.72859715 1.25786972 1.57261452 1.8947418  1.6535422
 2.18268531 1.11517691 1.76786439 2.97316987 1.71922891 2.21199371
 2.56367677 1.49336013 1.43413361 2.18535868 1.65275386 1.26126387
 1.06590472 1.956298   2.06320051 2.09576855 1.63345858 2.09394318
 1.80012104 1.03699585 1.7934632  2.74153122 2.17860968 1.57252001
 1.1166449  2.05066449 2.52075169 2.16200671 2.91334608 1.39278812
 2.58100549 2.79492207 2.25112437 2.11147498 2.62891272 1.27357349
 2.90461953 1.16252218 1.48713152 2.71582429 2.96083308 2.94400425
 1.22665542 2.96241241 1.13945126 1.04241959 2.89264712 1.3856513
 1.73350596 1.17548435 1.19614873 2.74687476 2.04756007 2.50786681
 2.51395995 1.14034871 1.85263632 1.85326319 1.00586629 2.53733441
 1.07253262 2.28850319 2.32004882 1.84625715 2.07875694 2.25021617
 1.93361948 1.62425781 1.64872778 1.95425417 1.50445744 1.46417056
 1.98432525 2.74856536 2.51280925 2.5438184  2.46861745 1.1679809
 2.99832298 2.44822714 2.16133552 1.29054215 1.98873429 1.85808135
 2.08661289 2.69393915 1.92041085 1.13656012 1.6357231  2.37372737
 1.85544709 2.72307138 2.99620416 2.31792991 2.24359926 2.96434362
 2.43361313 2.7928473  2.58278691 1.3610851  2.74052241 2.63965839
 2.83825842 1.87268792 1.39217576 2.49049489 1.24221735 2.58222033
 2.835669   1.64962649 1.87395831 2.30591833 1.84493725 1.45527274
 2.15401576 2.59459184 2.94469744 2.91160412 2.88120663 2.63313234
 2.18924731 1.48765809 1.60365024 1.25807522 1.83686627 1.71044396
 2.25488332 1.23960726 2.02385347 1.61386617 1.41982922 2.89777446
 2.12821635 1.62215155 1.39620828 2.86148722 1.78965139 1.54185127
 1.53701111 1.42659602 2.11848618 2.12900867 1.77157694 1.56475601
 1.68557881 1.46478152 1.88398487 1.92809919 2.38619727 1.06976517
 2.0418261  1.71004228 2.6533678  2.28691511 1.3416966  1.31817724
 2.73539956 1.36998718 2.91601179 2.77630956 2.16397068 1.8167908
 2.44440767 2.68899166 1.07674753 2.60517152 2.80231317 1.63690487
 1.74072582 1.85032961 2.15656412 1.56702592 2.05940431 2.87078555
 2.2285594  2.2050283  1.26215904 1.4414767  2.44669582 2.000108
 1.12960888 1.87541515 2.00114105 2.69959551 1.35205498 1.2775977
 1.20193442 2.01194918 2.13273608 1.95043199 2.55764077 1.36283912
 1.8793403  2.72743084 1.93497566 2.41388114 2.59580398 1.48503855
 1.87086111 2.89030808 2.39204546 1.42385317 1.25475327 1.84990668
 1.72760732 2.18777665 2.95140706 1.35157817 1.84856404 2.99210259
 1.85067424 1.85043893 2.48900089 1.97956089 1.58161845 2.04133508
 2.35602406 2.66419428 2.95526636 2.64469941 2.17067602 1.23437058
 1.67282058 1.47762763 2.682083   1.47340593 2.71861728 1.67375406
 2.35318263 2.40863097 1.15422434 1.18145686 2.25344159 2.08344083
 1.1709344  2.35027103 2.26129649 2.49005122 2.30255535 2.19011939
 1.67892572 2.78936817 1.75124737 1.89072012 1.50690913 2.02795199
 2.10606076 1.34656978 2.25189708 2.75225769 2.62377748 2.3190567
 1.43032523 2.1358107  2.57457431 1.41682537 1.08332207 2.87354971
 2.48586195 1.16902564 2.56012768 1.32053886 2.20794063 2.61580587
 1.86028321 1.4388085  1.63387232 1.47699801 1.20245429 2.98626823
 1.79867033 1.92849241 1.60781976 1.1527784  1.71289984 2.18140488
 2.61132239 1.2191449  2.40070635 2.06071074 1.42028809 2.18862806
 2.00251537 1.05781782 2.59112201 2.45623552 2.63617911 2.60608442
 2.02252021 2.17426405 2.8000364  1.91890453 2.59853144 2.14632976
 1.10780395 2.31497296 1.50952525 1.67115664 1.34340254 2.15892377
 2.84890524 1.00402322 2.86661255 1.29014344 2.1318498  2.55430573
 1.11847125 2.05463632 2.40579128 1.23957298 1.70635939 1.37514024
 2.40162546 2.47889431 2.8089558  1.28320458 1.2226394  1.38500507
 1.47783138 1.30987366 1.46064749 2.45556027 1.43111161 2.34961955
 1.72156409 2.83457326 2.7427682  2.55021243 1.71706584 1.57442671
 2.19192027 2.22448455 2.84747965 1.2413555  2.94442132 1.08459689
 2.22478479 1.92341206 2.23530801 1.71042466