1.74957174 1.04923156 1.2860653  1.29665782 1.43589473 1.63157386
 1.63772654 1.0762004  1.23061202 1.87877832 1.44818641 1.52170623
 1.06223744 1.49842146 1.74026934 1.56066536 1.89956879 1.81066159
 1.34951    1.96969055 1.95958643 1.93018782 1.10090815 1.50850069
 1.32707474 1.78888597 1.20583273 1.70057188 1.20547843 1.12062549
 1.19789003 1.82304151 1.01965417 1.25653156 1.59609744 1.73649735
 1.56701791 1.65193964 1.16503648 1.61628477 1.8869132  1.69603888
 1.99504703 1.05537686 1.62433772 1.73937756 1.58500242 1.16797069
 1.89759545 1.75214003 1.04528481 1.67106348 1.31884476 1.14480538
 1.95055616 1.20722806 1.80496972 1.23452993 1.16326534 1.80551722
 1.86643285 1.17947495 1.3027988  1.87760539 1.86750883 1.16262709
 1.85093627 1.24838997 1.51089191 1.18403852 1.87329366 1.56828823
 1.40520317 1.44892543 1.66033728 1.99244799 1.97791343 1.3574138
 1.42952779 1.55950788 1.27123222 1.42905791 1.38425168 1.87156102
 1.22017897 1.06641285 1.7018734  1.47616889 1.71335909 1.69125027
 1.80694881 1.82492242 1.91076345 1.2258535  1.15653262 1.01083251
 1.92144065 1.48770465 1.42886313 1.57621593 1.13813741 1.08359029
 1.25964879 1.12328705 1.35395612 1.12340826 1.87517685 1.70996995
 1.35153245 1.36809905 1.54324895 1.64173002 1.47023453 1.65480695
 1.97443176 1.99325589 1.59346967 1.79793064 1.74171921 1.58896283
 1.44828269 1.64431954 1.94916404 1.71831533 1.80141461 1.6478249
 1.35786454 1.59340533 1.63217349 1.06830945 1.66719223 1.04250567
 1.20778473 1.58057016 1.38711859 1.73358534 1.66038627 1.6346908
 1.44559688 1.88368029 1.87140089 1.30094703 1.65230983 1.84588665
 1.14961209 1.73274698 1.87057518 1.23487618 1.44229798 1.36905004
 1.10839402 1.25897736 1.01304093 1.35249659 1.91829425 1.14790445
 1.58686024 1.71117039 1.28581699 1.96148805 1.15629892 1.86067487
 1.06343857 1.8677202  1.40283658 1.89280514 1.60321035 1.47018757
 1.985859   1.56399721 1.31364782 1.27423173 1.46352151 1.3864324
 1.61535638 1.86765565 1.59607834 1.80695097 1.86212851 1.48656879
 1.50710663 1.24424639 1.77871402 1.83956737 1.27818725 1.64035188
 1.7867587  1.32184004 1.99945209 1.3448322  1.29818419 1.82733436
 1.22812814 1.88509156 1.76130808 1.12654568 1.0401392  1.40255345
 1.35066157 1.6349998  1.2939836  1.85971288 1.2671967  1.66403839
 1.12621582 1.50910634 1.56682464 1.00704781 1.44626803 1.54830809
 1.23362576 1.56208636 1.56699465 1.57123499 1.91726134 1.38954142
 1.82009708 1.97588024 1.64013596 1.10714739 1.6197044  1.42619927
 1.08341429 1.88049241 1.56111242 1.18545154 1.19673351 1.61321029
 1.27643477 1.59975567 1.78802927 1.37858736 1.53411367 1.37275792
 1.70009408 1.48862938 1.00815476 1.23622277 1.85921208 1.05350752
 1.43852407 1.92533    1.06369748 1.91909137 1.57414482 1.82714867
 1.26322851 1.2054213  1.66842299 1.10124114 1.48160298 1.76359788
 1.10223041 1.17428609 1.39682683 1.05034936 1.28585241 1.14040184
 1.41821289 1.61113031 1.66556448 1.26934828 1.2128132  1.3981841
 1.77420023 1.08192103 1.68392156 1.71193733 1.20735992 1.77990343
 1.1486765  1.24941318 1.19001589 1.16767852 1.76891194 1.88296834
 1.15634486 1.26269113 1.25415746 1.94621573 1.3076519  1.89464972
 1.89282536 1.77000723 1.06283441 1.76000126 1.0970685  1.50528041
 1.27216368 1.71435702 1.68204979 1.1989346  1.06162919 1.15349163
 1.68013233 1.9023653  1.47058113 1.77295531 1.65086984 1.96334055
 1.81251786 1.40581727 1.57491662 1.62912669 1.22761621 1.7885151
 1.72459057 1.49818984 1.98833915 1.70961248 1.16117578 1.82303305
 1.95009803 1.94798388 1.81076896 1.64489639 1.96383989 1.24142807
 1.1627328  1.73627442 1.18942052 1.153295   1.2937904  1.41263862
 1.99386199 1.96185149 1.40726775 1.61230672 1.75181398 1.7460902
 1.55385958 1.95322973 1.72027076 1.03551244 1.45695222 1.28985076
 1.23503495 1.42572467 1.22154251 1.74919942 1.4196785  1.7009237
 1.85171475 1.10348179 1.26809744 1.24997423 1.18175106 1.02155631
 1.89764418 1.84695063 1.15835156 1.8879135  1.84871823 1.57491749
 1.10596531 1.49364526 1.91958989 1.11099821 1.9187713  1.22615601
 1.20383036 1.47989423 1.6848343  1.23271165 1.97895023 1.50022016
 1.00603935 1.98297795 1.21369733 1.40743843 1.63764136 1.38573831
 1.63349429 1.86278775 1.27899056 1.17195858 1.28105154 1.92398885
 1.00648463 1.39226257 1.8352624  1.85234008 1.33194709 1.89412969
 1.99401947 1.77171715 1.54986418 1.35503515 1.11713027 1.97983967
 1.08263566 1.29478661 1.01396649 1.36030909 1.49710265 1.99436133
 1.09688761 1.7397827  1.58508439 1.21804984 1.49660777 1.04877038
 1.16101536 1.8513854  1.62924856 1.70683912 1.90054037 1.75612328
 1.28394434 1.17727352 1.68281341 1.61108808 1.92905655 1.299793
 1.14801902 1.37229449 1.3486628  1.45609845 1.97168718 1.04978879
 1.03601827 1.4534885  1.03678097 1.69112959 1.3026833  1.5584611
 1.38115616 1.53072604 1.30714191 1.1408406  1.32637977 1.77337951
 1.3059427  1.17331069 1.53888575 1.18286917 1.83659321 1.75517933
 1.6784424  1.49077178 1.1299953  1.52026855 1.79006434 1.6621829
 1.39085451 1.7913354  1.20922929 1.7616307  1.44609103 1.17967015
 1.53701613 1.94289359 1.89692281 1.94978858 1.61767147 1.97324506
 1.61641883 1.99761115 1.27868672 1.18063856 1.16706079 1.97988681
 1.5827617  1.4848826  1.98620133 1.94755632 1.75710719 1.22537395
 1.30638416 1.62080062 1.34414823 1.64549698 1.16394421 1.23864474
 1.14438861 1.5348508  1.34319265 1.07174644 1.62959154 1.55323761
 1.91298172 1.42143788 1.72235371 1.52790611 1.39120581 1.49255214
 1.80326518 1.31033646 1.34461246 1.16962515 1.98307686 1.18460007
 1.24136288 1.02659081 1.32655682 1.16983975 1.50487315 1.6352829
 1.44872681 1.04491905 1.30541342 1.93380315 1.93282844 1.86069601
 1.67771796 1.87719652 1.39686604 1.85158394 1.88300012 1.58922372
 1.84572838 1.44746819 1.06899186 1.0357293  1.52521628 1.27169616
 1.68353441 1.61677503 1.55055242 1.71140258 1.82766949 1.9927261
 1.57676419 1.38752536 1.34817306 1.40672257 1.82526149 1.80322412
 1.11005224 1.73178959 1.98334675 1.2363392  1.45893508 1.43711275
 1.21423513 1.99168338 1.52873498 1.6531289  1.91240579 1.7568927
 1.87631161 1.98199904 1.89165879 1.02403296 1.43046059 1.93041794
 1.07623463 1.67044375 1.04929289 1.74604673 1.0146782  1.77018688
 1.70372541 1.2860071  1.09175183 1.44601897 1.43703878 1.85301365
 1.65518269 1.09554547 1.50266804 1.5882516  1.07066569 1.47015171
 1.88074488 1.59586511 1.64203996 1.60886379 1.05950406 1.94102465
 1.80105469 1.78050231 1.0301395  1.27715133 1.80199088 1.31849881
 1.86414075 1.15075003 1.44976279 1.8363031  1.91557606 1.00585584
 1.02548693 1.136424   1.88238083 1.79625178 1.60715723 1.30438303
 1.44865615 1.27455522 1.66919463 1.16033589 1.31349671 1.00564737
 1.93298859 1.59175763 1.44979048 1.04524895 1.17222105 1.00580702
 1.26173235 1.73025065 1.99707221 1.34578322 1.04390332 1.63369562
 1.88147386 1.27078902 1.15787611 1.69801674 1.86535724 1.59652399
 1.21148344 1.60539133 1.17762752 1.93133215 1.15086303 1.34748435
 1.60785026 1.87645134 1.21378911 1.2896905  1.78804825 1.4232728
 1.06062465 1.47928639 1.47285361 1.25593342 1.07323472 1.77954736
 1.73565392 1.77255207 1.12385469 1.10276341 1.57890206 1.71591997
 1.50004359 1.94600087 1.37007607 1.40225307 1.94054689 1.0807475
 1.81806138 1.34231863 1.72121848 1.98888356 1.48530048 1.98127114
 1.5112069  1.02801111 1.07600863 1.87934254 1.69305536 1.34468647
 1.19566209 1.60854606 1.81369182 1.96010635 1.25260973 1.29912964
 1.66761079 1.55683969 1.88675462 1.53484121 1.86210288 1.05460524
 1.62114008 1.47198337 1.7013685  1.7045267  1.68287051 1.4117495
 1.28802635 1.05825794 1.38396273 1.94234899 1.21225195 1.8463611
 1.12354562 1.00272852 1.22228825 1.38016708 1.16754122 1.22631548
 1.27553322 1.15327253 1.48990579 1.21328241 1.41177384 1.79374587
 1.75986057 1.61521672 1.63596066 1.36144486 1.67623087 1.781545
 1.44359685 1.7819527  1.23034972 1.92679179 1.22945584 1.44792319
 1.0726491  1.59691032 1.88337605 1.18313617 1.45047194 1.5095228
 1.63996381 1.87487878 1.49468426 1.76256221 1.78467106 1.17050409
 1.06274028 1.5150274  1.027481   1.09182669 1.37986465 1.54382217
 1.57058786 1.35638895 1.46798903 1.19015518 1.27115021 1.0271966
 1.47982692 1.82274675 1.64681711 1.17566006 1.52529887 1.3660978
 1.70284417 1.11232521 1.87440439 1.05627738 1.66773375 1.58905368
 1.18038236 1.5723748  1.5838008  1.42031081 1.03544094 1.30683245
 1.86961727 1.03011974 1.1039119  1.39710081 1.69546828 1.67378699
 1.94565123 1.10297539 1.45029564 1.66125894 1.09475778 1.82195004
 1.41345471 1.04953249 1.2336845  1.43953356 1.41159937 1.25684286
 1.68797037 1.88669874 1.01937001 1.61840552 1.0619334  1.3227951
 1.81200439 1.966543   1.96578611 1.01556762 1.5828293  1.52743226
 1.6705052  1.41238897 1.92472282 1.73010288 1.56078151 1.63684526
 1.03665278 1.7073695  1.49333995 1.53203073 1.42365609 1.52712126
 1.42614445 1.89443283 1.41246354 1.39832762 1.28286382 1.42271509
 1.50080231 1.96560544 1.13637562 1.92827308 1.11972822 1.90818793
 1.24596637 1.6657203  1.84022183 1.23747513 1.24123148 1.09957217
 1.91685915 1.06371697 1.88711239 1.9728604  1.13054286 1.93302856
 1.83216516 1.75417649 1.99489333 1.28918825 1.13461689 1.77703453
 1.74337687 1.8176053  1.53399274 1.52054659 1.79331296 1.76088578
 1.68632124 1.70474523 1.97102135 1.40658157 1.40951928 1.33669345
 1.00787284 1.44770384 1.48985796 1.76002475 1.49221273 1.83619556
 1.29746359 1.49809992 1.05478759 1.86218884 1.85998048 1.67117704
 1.86539408 1.55331685 1.37455295 1.93019851 1.25380697 1.83709696
 1.33167808 1.88953537 1.43207599 1.81152416 1.84999328 1.90124874
 1.73583259 1.17781674 1.72187041 1.96775594 1.52128792 1.34787577
 1.93460936 1.06306331 1.44490245 1.34673876 1.03199901 1.02181967
 1.68213755 1.948271   1.02200547 1.13050918 1.19994428 1.2121152
 1.22909518 1.35332159 1.1212423  1.45257117 1.6081928  1.49871002
 1.75238198 1.78933651 1.72679071 1.95516867 1.25584045 1.19538529
 1.46670336 1.8198055  1.0822437  1.50778706 1.80927898 1.11009351
 1.24184884 1.4597968  1.26866302 1.32747826 1.74930742 1.6333799
 1.07641708 1.63359875 1.83905994 1.20173485 1.7197055  1.5936428
 1.02517331 1.97638727 1.64768336 1.38220812 1.47155497 1.0093178
 1.13271077 1.56830589 1.47028663 1.35032601 1.62324074 1.68589063
 1.93680157 1.25306886 1.34401285 1.7698343  1.32660084 1.01836804
 1.37265002 1.89003546 1.37530897 1.17433983 1.55438233 1.38393429
 1.63052944 1.10139576 1.99898747 1.41624636 1.64817661 1.38288534
 1.09569522 1.298969   1.23143424 1.82100973 1.98980849 1.22312387
 1.22824851 1.42250159 1.21832069 1.97740171 1.99342081 1.31491936
 1.74732336 1.48900724 1.8072296  1.01211034 1.39737666 1.27644836
 1.71228501 1.02324437 1.64071135 1.1969478  1.24602444 1.65094667
 1.37285258 1.05077859 1.44004896 1.35642889 1.48767377 1.67736524
 1.89720033 1.94132137 1.55886347 1.75375099 1.54544215 1.63123864
 1.10144244 1.92200052 1.1085422  1.98991107 1.80143094 1.31969487
 1.15317537 1.43122517 1.2738569  1.0904918  1.01466821 1.02045769
 1.30334451 1.92735942 1.74435048 1.68639763 1.39096365 1.0351675
 1.69156339 1.17975831 1.1996078  1.23656209 1.76333347 1.78585039
 1.81560468 1.17224691 1.0786638  1.11937491 1.95252588 1.17452352
 1.51681447 1.08330223 1.65333216 1.70059428