1.69373451 1.56511515 1.90979416 1.95480994 1.60734672 1.74961199
 1.73970019 1.79679077 1.83702954 1.52215558 1.76343629 1.86556766
 1.62380538 1.51273802 1.54554508 1.70741229 1.6689664  1.88037006
 1.96324539 1.87190687 1.84167496 1.82424283 1.72831252 1.69652559
 1.6475028  1.63745368 1.99297919 1.58766957 1.50836552 1.67073145
 1.73611851 1.75409559 1.93006282 1.5373628  1.83294051 1.74633529
 1.61316366 1.65258417 1.72372119 1.72498472 1.90753413 1.50383928
 1.63780257 1.84417096 1.75729634 1.97106159 1.60181999 1.65274921
 1.88324656 1.54434408 1.79109027 1.77854968 1.50985544 1.58068666
 1.57668572 1.97115455 1.72191771 1.95175954 1.50037275 1.68199308
 1.61913851 1.78550379 1.75855825 1.7400188  1.55117225 1.69808052
 1.78320972 1.91205647 1.57709515 1.81559532 1.70086591 1.59837357
 1.76249423 1.919762   1.89967566 1.89638998 1.92938228 1.67391369
 1.57546359 1.94028457 1.54886785 1.94137344 1.79761926 1.63289694
 1.97829692 1.78421773 1.85888234 1.80801874 1.97700025 1.55961727
 1.64917064 1.9465138  1.57181362 1.745997   1.84343148 1.80264901
 1.99889579 1.74017346 1.74965615 1.95766394 1.94462382 1.58528741
 1.51316458 1.57473502 1.99307334 1.7945771  1.9715029  1.60957487
 1.62141807 1.51118646 1.69304409 1.87111457 1.78027852 1.76546518
 1.77677506 1.98321035 1.66793118 1.73696524 1.95813659 1.63769399
 1.9179912  1.94230206 1.53959446 1.77451391 1.74385392 1.52321185
 1.78022469 1.89818464 1.60436161 1.89087162 1.70203889 1.98626762
 1.57324887 1.94627676 1.6375822  1.84848473 1.93223556 1.9431805
 1.89713231 1.72768127 1.8348488  1.9387933  1.92965844 1.98416862
 1.58549715 1.55050262 1.86721644 1.73485161 1.53713145 1.71862642
 1.52661633 1.89325155 1.64981494 1.90322179 1.70687121 1.63474287
 1.86949503 1.86937014 1.57128656 1.607013   1.8282872  1.56197751
 1.91170398 1.54669511 1.76977014 1.78335883 1.6213915  1.80316089
 1.88916646 1.82595069 1.93686055 1.68045828 1.89586666 1.73536994
 1.89645131 1.66605896 1.73929341 1.9313315  1.80010076 1.77500541
 1.75434106 1.50913035 1.75917706 1.58172746 1.70821744 1.87998972
 1.74165797 1.70085993 1.94771763 1.50116255 1.67233797 1.71989554
 1.76765234 1.87562488 1.7928037  1.52373741 1.97612614 1.73561905
 1.89791885 1.9268084  1.57999867 1.68745024 1.79108097 1.57294368
 1.82147308 1.6866436  1.90765661 1.89834496 1.9253033  1.88455508
 1.77843483 1.73909212 1.94966831 1.79664972 1.66384861 1.5778828
 1.6503655  1.86391491 1.55562813 1.68302892 1.73664641 1.99984198
 1.89522963 1.85876448 1.828239   1.6715272  1.66285897 1.7084576
 1.58542344 1.8987172  1.96655794 1.90670989 1.86456366 1.73453657
 1.80274598 1.58670155 1.79831363 1.75948403 1.66144009 1.62969585
 1.564982   1.67448391 1.93079571 1.64261442 1.75937235 1.60391909
 1.93598649 1.55893531 1.74726394 1.66284366 1.51076623 1.92438654
 1.85922095 1.97741186 1.81127692 1.66105605 1.51326413 1.990058
 1.98441239 1.7308614  1.77347759 1.60494063 1.89730719 1.52861257
 1.56580761 1.88911528 1.5452237  1.89005083 1.64060661 1.92159356
 1.84588847 1.65060079 1.89632799 1.95647471 1.76801787 1.77022119
 1.58105239 1.52482685 1.83089769 1.98507647 1.94438861 1.92855538
 1.82275549 1.64773154 1.56179626 1.59713804 1.54065053 1.91087613
 1.66893624 1.97754186 1.87374521 1.7050225  1.89057142 1.86185838
 1.96297675 1.76545944 1.88738861 1.79705151 1.51345767 1.61373855
 1.68083641 1.90964221 1.81276836 1.62174664 1.68509178 1.70705669
 1.70665765 1.7283194  1.88787518 1.51348533 1.79907208 1.70767796
 1.75087628 1.80580393 1.72983406 1.67812642 1.6465959  1.61961686
 1.81868657 1.63182152 1.91211436 1.67207815 1.88470401 1.66617747
 1.7096726  1.77394928 1.78029656 1.65562316 1.61692749 1.98272862
 1.84023562 1.53624578 1.64490855 1.6316667  1.90541197 1.67902781
 1.5939649  1.71309296 1.79133907 1.63645919 1.51629658 1.71501031
 1.91149018 1.81534707 1.94629691 1.67780752 1.80694189 1.70628298
 1.67820656 1.67226121 1.51088139 1.64341975 1.90342847 1.77267255
 1.74485336 1.74838673 1.88584019 1.99823289 1.59720157 1.59359473
 1.65116137 1.67397714 1.79324647 1.88210502 1.56758385 1.60962854
 1.53496694 1.66822586 1.5275658  1.94406087 1.87843439 1.65121283
 1.57702092 1.96600097 1.51017388 1.92137366 1.82785662 1.83260781
 1.8226871  1.50663669 1.70816973 1.68820995 1.57499385 1.85086657
 1.55789564 1.91310389 1.83756513 1.60104087 1.95781038 1.64641922
 1.96988523 1.97581044 1.57485863 1.85277203 1.79479224 1.74141505
 1.84766072 1.97202294 1.98436173 1.84072104 1.625938   1.51401482
 1.82272179 1.90158162 1.74179528 1.6070862  1.64466383 1.85954052
 1.63821389 1.91946225 1.60864437 1.83857757 1.6853187  1.94619706
 1.69110106 1.98642005 1.79004552 1.68157978 1.69818332 1.96887409
 1.99506725 1.50578358 1.66997753 1.92069647 1.80056329 1.67008472
 1.67012072 1.667314   1.89364377 1.70524825 1.9006812  1.79936254
 1.70661798 1.77737794 1.82080171 1.73747258 1.91848141 1.87555068
 1.88185228 1.59900232 1.71610463 1.69200836 1.86644912 1.97518706
 1.70782039 1.83030747 1.81343835 1.51535691 1.51036387 1.72635515
 1.69156039 1.60974288 1.94995697 1.63241279 1.57362692 1.66526316
 1.55652494 1.80298711 1.83463066 1.89765889 1.6163167  1.87253496
 1.97764432 1.89613715 1.65824095 1.51068638 1.60245231 1.5552565
 1.88494741 1.94102154 1.55144948 1.91451355 1.79444486 1.92263078
 1.95466867 1.57183228 1.94839593 1.6368696  1.53180341 1.52042065
 1.69200166 1.9024534  1.90624769 1.63714683 1.8139876  1.72197992
 1.63494518 1.6693321  1.72416556 1.83430233 1.8994424  1.98171467
 1.66623329 1.65997523 1.68673536 1.73909542 1.65827509 1.99612177
 1.86764721 1.84823325 1.53461082 1.5033223  1.92843804 1.6663971
 1.67574046 1.59305897 1.98931246 1.55618588 1.53284834 1.99823582
 1.59874318 1.62362263 1.99193149 1.60342971 1.68384294 1.71678579
 1.81510344 1.7388222  1.72454783 1.68952582 1.70303542 1.83651654
 1.75041701 1.9627392  1.71268837 1.84370009 1.80060459 1.71412581
 1.57833385 1.60083522 1.96218572 1.90705154 1.59018433 1.53293294
 1.66179739 1.73523058 1.77226858 1.67505743 1.91831013 1.99387155
 1.85889761 1.71664017 1.95317989 1.91585692 1.71143731 1.61571523
 1.55423226 1.95013544 1.89708193 1.57449105 1.76792666 1.74831333
 1.5646624  1.56897945 1.61389744 1.579145   1.73497667 1.79304927
 1.73229385 1.71362677 1.78217489 1.94754353 1.95144081 1.98896948
 1.82191134 1.92637776 1.92494285 1.87912637 1.80344228 1.65385696
 1.56557994 1.94361867 1.7701705  1.52299753 1.54185489 1.70981156
 1.76002464 1.86715631 1.50198904 1.53359389 1.69400346 1.7755726
 1.55360798 1.8940651  1.82898072 1.56758292 1.9893452  1.94529315
 1.57812016 1.86044127 1.69019195 1.72151145 1.66098825 1.83286663
 1.98615623 1.63066782 1.72447715 1.50439414 1.66688495 1.61271602
 1.74785084 1.60099892 1.7552453  1.54963833 1.95916672 1.5793739
 1.68467775 1.66297989 1.93280172 1.90938221 1.95766859 1.74959725
 1.57067232 1.61617434 1.62159847 1.95162571 1.7800865  1.62046981
 1.61115464 1.88489357 1.65340541 1.75279371 1.97254789 1.59513961
 1.68909064 1.89213469 1.58254996 1.53124168 1.95154986 1.53887806
 1.55826252 1.70027828 1.56296511 1.92640328 1.6794887  1.71198038
 1.8686269  1.761508   1.88105958 1.78363312 1.59136942 1.91946613
 1.84728551 1.78748532 1.96026721 1.51276476 1.75662688 1.87600658
 1.82731562 1.89976727 1.6465508  1.50044106 1.75135982 1.50050903
 1.68448291 1.97891714 1.71959772 1.86174238 1.86521826 1.97632408
 1.61828602 1.50285408 1.56881608 1.84939721 1.97956562 1.78072512
 1.54595876 1.81876489 1.89137186 1.84712029 1.72739645 1.83497999
 1.84646867 1.79491128 1.89560041 1.86121912 1.54047381 1.54709959
 1.66370541 1.80302621 1.6922837  1.65485194 1.89186213 1.56858041
 1.83034193 1.66317912 1.85493938 1.84588731 1.88426859 1.5964949
 1.74823043 1.66912411 1.96355362 1.70273457 1.68353322 1.96227173
 1.71409025 1.90968235 1.85834092 1.81938379 1.76089949 1.78908163
 1.95537694 1.77449912 1.50816702 1.62328656 1.93756675 1.77913241
 1.92459664 1.56532295 1.59041898 1.7276883  1.63110558 1.95494789
 1.68927358 1.91297005 1.50693749 1.9889791  1.96700412 1.58166554
 1.92490293 1.51718504 1.9945978  1.7349176  1.89594857 1.81096007
 1.77792828 1.83146404 1.86144039 1.87811908 1.84580374 1.61510098
 1.57021281 1.97509794 1.92616999 1.88250473 1.90899879 1.59104657
 1.50888601 1.65905381 1.76575223 1.74745058 1.8016457  1.64848875
 1.51125883 1.68093699 1.55559353 1.79134695 1.92750655 1.94032761
 1.84826682 1.7871908  1.8557598  1.92323644 1.72863731 1.96960474
 1.82385267 1.85471579 1.94431221 1.69256249 1.89811214 1.75574188
 1.97890774 1.53881998 1.69517748 1.61660289 1.99783227 1.8504975
 1.68467901 1.60037227 1.70541213 1.80714433 1.61579888 1.85204576
 1.62537023 1.62669262 1.80663685 1.98204011 1.50310294 1.70217072
 1.53957608 1.67555745 1.51156984 1.59001824 1.85162101 1.54498869
 1.83530881 1.93914332 1.6306254  1.75650341 1.97422622 1.98159919
 1.67165586 1.56102686 1.92438511 1.86155172 1.72486363 1.79287059
 1.53810467 1.8265989  1.81883213 1.63336543 1.79050174 1.54977178
 1.96213932 1.70172911 1.80214174 1.7578832  1.91733249 1.71464476
 1.94098197 1.90884576 1.79739058 1.54636558 1.59271904 1.64487977
 1.65533292 1.52879428 1.58684907 1.89753788 1.91702766 1.80275448
 1.91978604 1.52816616 1.64191403 1.67971703 1.51387056 1.69948634
 1.62707937 1.62006725 1.6768157  1.96239587 1.74078292 1.90511455
 1.66022688 1.88982412 1.98444433 1.83591568 1.80122588 1.69415367
 1.66357231 1.95183571 1.70438536 1.89043481 1.74092245 1.94106486
 1.96627564 1.68803796 1.9080137  1.69870552 1.63634319 1.78883703
 1.8330945  1.78761397 1.6495926  1.82476432 1.93638557 1.58836546
 1.80135906 1.73982692 1.81527337 1.72280448 1.98020429 1.6180097
 1.64108424 1.92217001 1.95836391 1.74639495 1.68486658 1.68801099
 1.96348343 1.85480487 1.76130412 1.73007186 1.52751244 1.60061785
 1.89514943 1.53922139 1.79721918 1.596805   1.80742187 1.95233053
 1.74234048 1.90199275 1.85074404 1.77650304 1.59382803 1.9349765
 1.72090791 1.82837535 1.81768419 1.82357415 1.85950435 1.95468014
 1.76721023 1.52349059 1.64130929 1.56763406 1.79166578 1.52569626
 1.69105847 1.70991196 1.79561806 1.6596949  1.88455945 1.84844654
 1.78734822 1.60962294 1.64199722 1.62743764 1.92629682 1.98738285
 1.91134903 1.57470983 1.9040396  1.61207019 1.54989777 1.82843513
 1.94844858 1.59768057 1.89648424 1.82403801 1.80729105 1.63208394
 1.56619244 1.71431776 1.63668097 1.58232804 1.79309713 1.73278485
 1.87647797 1.8009978  1.7576572  1.89912997 1.57398901 1.91492705
 1.5828443  1.60895966 1.93413704 1.91993189 1.92143218 1.99372083
 1.93439938 1.80094597 1.90158274 1.89424556 1.77093056 1.85021321
 1.89439804 1.90967852 1.69058908 1.50014194 1.51834493 1.76851884
 1.96180056 1.93771273 1.51988888 1.6788637  1.89094255 1.93644944
 1.86675262 1.5732713  1.73901871 1.72226893 1.66347371 1.78884052
 1.6448251  1.51017643 1.97046509 1.99139822 1.6452589  1.6469294
 1.71340492 1.97880153 1.85435968 1.65690626 1.68507079 1.86273616
 1.88053349 1.7117996  1.67676007 1.54859091 1.97126931 1.78797005
 1.96665126 1.66061424 1.92319447 1.94108597 1.63729409 1.54221221
 1.92797041 1.66826458 1.85300888 1.76171529 1.62193425 1.73099896
 1.96542324 1.62956776 1.87643891 1.65106481