20.99139289 19.03317191 20.98156548 19.64783872 19.34108124 20.0691554
 19.46282982 20.87156965 19.45513962 19.7694768  19.04054672 19.46394659
 20.6879422  20.61881939 20.75423454 20.15605362 19.80843125 20.67753039
 19.83279229 19.07716794 19.49660991 19.65012    20.37022419 20.52586393
 20.40949096 19.27986744 19.0738771  20.27404381 19.3174249  20.77566015
 19.7594331  19.69825008 20.78534415 19.13752144 20.32353454 20.40146455
 19.7730261  19.88795894 20.92827379 20.25798273 20.62027415 19.5551906
 20.94792538 20.82233535 19.78569506 19.99213612 19.56309736 19.93370974
 20.77239216 20.48758965 20.80613057 19.1581597  19.20266619 20.58467253
 19.97261816 19.52103707 20.68913198 20.13512786 19.50929689 20.05276219
 19.23818698 19.89537074 19.57695538 20.86975535 19.52910045 19.26901455
 19.45390947 19.02483385 19.67934325 20.297378   20.34661003 19.30302442
 20.02341842 19.72725106 19.98117479 20.96129634 19.06765891 19.10245147
 20.71494253 19.17673916 20.28743729 20.11981444 19.32009765 19.83665623
 20.85172161 19.4360971  19.76400972 19.82309383 20.16385015 19.42977383
 19.20523287 20.80735483 19.9375996  20.019729   20.7421834  20.86627718
 19.4847563  20.74656998 20.20327727 20.93620777 20.62420724 20.58821824
 19.44057504 20.78589852 20.87131163 19.36523188 19.74208341 20.79599367
 20.40217117 19.49851036 20.488545   19.81926934 19.52011052 20.18410968
 19.82265871 19.29920724 20.89873289 19.18584529 20.14672891 20.41491827
 19.57034086 20.25341511 19.13211542 19.630447   19.39299646 19.0213202
 19.8798611  19.75767221 19.8977057  20.10870475 20.95791546 19.30823021
 20.85698483 20.76163068 20.71160378 19.87076716 20.22752876 19.22364321
 19.15306839 19.74942645 19.2138236  20.57437504 20.26264579 19.10387734
 20.54176634 20.10532955 19.23106752 19.80559076 19.08975358 19.77225773
 19.36043006 20.61135533 19.87454735 19.45538203 19.93446034 20.92908576
 19.82689913 20.68547152 19.48638258 20.46637283 19.2159956  20.77596704
 19.59304782 19.58172507 20.90401386 19.46439897 20.50913364 19.3712521
 20.86135679 19.65483301 20.26919892 20.69366573 19.12347953 19.7950229
 20.80760688 19.43643655 20.18471703 20.86743848 20.62274405 20.21244844
 19.22285788 19.0682503  20.99461307 20.18115527 20.2681191  19.32282733
 19.52523603 20.54842763 19.58906997 20.83011409 19.33039162 20.99784293
 19.82186326 19.80083131 19.58560143 20.25158227 19.62185918 19.20751406
 19.60442848 19.14070184 19.1389663  20.68349041 19.88214507 20.70999079
 19.55680896 20.31210404 20.03242175 19.03479283 20.59147972 19.17499408
 20.8009787  19.9781303  20.29093467 19.06218725 19.31540864 20.09343369
 20.93374361 19.33033509 20.75002737 19.93485111 19.93027715 20.93746496
 20.51249813 20.1379868  20.95948836 19.31648093 19.5332557  20.22091433
 19.3175201  19.63433349 20.31012058 20.72523428 19.57586105 19.8107136
 19.18215728 19.83513833 20.80019024 20.58891885 20.98936934 19.73439078
 20.72702856 20.13515769 19.36684456 19.01396301 19.003686   19.36111484
 20.33597585 19.08698668 20.10475177 19.99479017 20.90734152 19.60754182
 19.98737059 20.90702815 20.47204034 20.83131557 19.96973267 20.22562613
 19.09749106 19.29923384 19.02779183 20.01229314 19.4603257  20.3092953
 19.17321875 20.29672711 20.86762671 20.49149646 19.00053376 19.8430152
 19.11266178 20.39104977 20.18818439 20.86774447 19.05459562 19.31041138
 20.33530607 20.32869492 20.25285686 19.42131398 19.94473024 20.47348889
 20.29885459 20.08589301 19.76253511 20.06566448 19.23187052 19.89570112
 19.43468401 20.53886686 19.12749314 20.91869202 20.45023111 19.66577591
 20.15423583 20.97428474 19.99767266 20.69348056 19.16453484 19.32624132
 20.08417877 19.0954189  19.3709238  20.71431115 20.49743175 19.70679356
 19.28514282 20.81043126 20.55591271 20.58995367 19.9768322  19.68468308
 19.31693554 20.48710483 19.55682618 19.88702662 20.38113682 20.54935568
 19.79438143 19.58077754 20.03638333 20.22843926 19.79881825 19.59522499
 20.37269141 19.88892747 20.40489852 19.73430065 19.85061401 20.64266632
 19.02821012 20.41236393 19.65987877 20.33944391 19.694599   19.95620688
 20.14571095 19.16353581 19.13326522 20.99700111 20.39730098 19.01410257
 19.66522419 19.21213437 19.73128158 19.79790145 20.00192756 19.08678374
 20.15614861 19.58515794 20.52596082 19.45110109 19.67575065 19.52834755
 19.78751875 19.91221149 20.7036928  19.59363107 19.06084649 20.18742728
 19.87065812 19.60474152 20.20834202 20.41816147 19.39378349 20.25390705
 19.74385983 20.29512181 19.8491818  19.95703454 19.70257392 20.47437163
 20.3242709  19.0303053  19.46994809 19.22986469 20.03650144 20.74215785
 19.94815667 20.6682152  19.3850259  20.45768918 19.2068734  19.91663952
 19.67087066 19.00118692 19.27714633 19.15722314 19.42301903 19.64746822
 20.84251443 19.19218082 19.99337192 19.27997704 19.97583591 19.0005934
 20.82033491 20.21238244 19.78138441 19.76728541 20.95758923 20.52372228
 20.74259263 20.13133554 19.03723815 19.3886131  19.81994636 20.38873683
 19.90605888 19.20207529 19.14246635 19.8722184  19.51260906 19.47617742
 20.32415557 19.63657981 20.0932273  20.67800737 19.35887819 20.95400479
 20.73080345 19.2175853  20.50404092 20.14727876 20.23523709 20.59430362
 20.88497254 19.1175168  19.99253613 20.41843575 19.79879974 20.85315266
 19.29228799 19.72134862 20.98519151 19.58665757 19.75476356 20.59468834
 19.2652544  20.1342469  19.49414261 20.51990069 19.27511951 20.24370257
 20.75830196 19.55747125 19.98041974 20.72871397 20.35962708 20.45432385
 19.50973984 19.52766118 19.74998228 20.85544619 19.65496315 20.37690956
 20.68102695 19.44901793 19.00178203 20.76039153 19.48444739 20.12809732
 19.4711182  19.50865704 20.33545895 19.07832432 19.12316779 19.39043597
 19.30377739 19.58351263 20.70062687 19.1811704  19.18808353 20.68962989
 20.13395577 20.76338578 20.80678286 19.31381376 19.46813472 19.99238935
 20.17131717 19.90151713 19.70936358 19.17734939 20.75056208 19.84065876
 19.9122718  20.82814214 19.49350436 20.93994683 20.65978382 19.17546351
 19.51440648 20.22576496 20.37566504 20.16775284 20.51167225 20.61390755
 20.02713856 20.69083115 19.25788861 19.34683012 19.47205486 20.47556301
 20.56402006 19.66103918 20.29157649 19.80966582 20.0972199  19.53110136
 19.00997031 20.60233201 19.14910634 20.61666093 19.69884099 19.99785845
 19.83622696 19.54763172 20.9249388  19.22580549 19.97151092 19.01167717
 20.39634006 20.02677606 19.34234347 19.71924998 19.93771771 20.03002169
 20.89315539 19.2482364  20.43295926 19.63462814 20.35355539 19.99204647
 20.42084229 19.7383867  20.90563795 20.61585554 20.70034865 20.95735427
 19.77193648 19.16563854 20.95739893 19.5878338  19.27372318 20.03857314
 19.59369112 20.78592445 19.45535754 20.0396903  19.62590501 19.85851709
 20.53512662 19.38589332 20.47295103 19.30994559 20.2706984  20.85563732
 20.33188128 19.78434022 20.93434822 20.49148317 19.21589873 19.4529474
 20.25821973 19.38670372 20.15353438 19.87828816 20.51249453 20.95468791
 19.39850696 19.97777008 19.55944543 19.08042711 19.56479238 19.13198869
 20.52850099 20.68300442 20.36639326 19.42125441 20.63382622 20.77363283
 19.81362026 20.40451076 20.81519854 20.34528046 20.0920674  19.94139686
 19.59967801 20.17279279 20.3271754  19.39219075 19.67138636 19.84188951
 19.53606877 19.22663142 19.02747719 20.08698617 20.2738115  19.4441236
 19.90310412 20.5511974  19.46355976 19.88155769 20.42321689 19.56014775
 19.24375591 20.68234889 20.82939387 19.8297232  19.49132257 20.20315076
 19.91953041 20.41829715 19.74634548 19.92119925 20.86428143 20.75487484
 20.43164645 20.89303682 19.83872515 20.68486139 20.51446239 19.95198511
 19.19872626 19.36149182 20.85388478 20.58809409 20.30398114 19.1922984
 20.59578444 20.34882406 20.48499213 19.27444867 20.59097332 20.08426742
 19.2369314  19.43385263 20.48446042 19.155711   19.08267093 20.73181347
 20.27518924 19.72361068 20.11308728 20.4910039  20.29018308 20.52873136
 19.41893483 19.95197951 20.74967935 20.63930278 20.10868318 19.27634931
 19.61237343 20.54724199 20.095623   20.88593298 19.07058384 19.17546086
 19.87844418 19.26908938 20.68703668 20.84180278 20.43820092 20.73587065
 20.5928969  19.06614436 20.1589454  20.84884183 19.68337939 19.37198667
 20.2676856  20.64137343 20.9740637  20.40325099 19.76648905 20.37540199
 20.88779766 19.1341676  20.94493527 20.10388452 19.83120257 19.69009219
 20.83890455 19.27524827 20.74855108 20.53209694 19.74834491 20.53250984
 20.93520319 19.84631545 20.23796738 20.65478487 20.80799289 19.09838023
 20.26080668 20.92221712 19.38312922 19.87695538 19.20062103 19.14872891
 19.93738164 19.71622386 20.78024003 19.2697817  19.35999105 19.10557013
 20.79066706 20.48597126 20.2361926  20.9789784  20.63365597 19.85224513
 19.83981864 19.52152636 19.90468105 20.57542302 19.3877948  20.49860899
 20.50458415 20.24724458 20.00497452 20.91204699 19.09924484 19.95671895
 20.14012843 19.86173755 20.57202693 19.91404669 20.95551031 20.73089134
 20.80712251 20.70478883 19.18770926 19.55809696 19.46516716 20.42650567
 20.91655667 19.8319333  20.09225558 19.48424718 20.93326452 20.09215444
 20.18652494 20.87379304 19.40002379 20.41885067 20.81145444 20.00685948
 20.66457935 19.57368401 19.17037849 19.27354646 20.72710557 19.05489954
 20.3041722  20.63704221 19.6940366  19.41002756 19.06811364 19.18533992
 20.74422664 19.77656374 19.80674615 20.41621709 19.63649963 19.14880987
 20.06260093 19.29762362 20.07469772 19.51211772 20.98566846 19.53990815
 19.85168341 20.57885902 20.08482138 19.00021021 19.36874305 19.05673357
 20.80489159 20.01288163 20.79391918 19.31924947 19.06599045 19.01509176
 20.94519389 20.31159224 19.71181587 19.02005139 19.96204896 19.23741961
 19.34885889 20.28103806 20.55862522 20.56677806 19.24164881 20.40803555
 20.94298343 19.89539704 19.76863046 20.5737215  19.98915561 19.78914334
 20.10898308 19.63968841 19.72163907 19.09288746 20.01436352 20.32652053
 19.18494513 20.24956118 20.67085104 20.01858838 19.69924869 19.64288706
 20.66833412 19.37418231 20.19799079 19.25411612 19.78375982 20.78193411
 20.60202303 19.93592691 20.06571854 20.14120487 19.11279922 19.78115294
 20.10771599 19.20583204 20.49532502 20.60116598 19.49539595 19.62035793
 19.69307946 20.04824127 19.7019389  20.66829828 20.81258225 20.74280237
 19.18848127 20.63230101 19.16760384 20.40279556 20.3754433  20.7196998
 19.51574998 20.37021232 19.68630646 19.66003235 20.33462169 20.51377813
 19.80559277 19.82500431 19.43133894 20.04331749 20.39255104 19.08343166
 19.42605693 20.22377025 19.13508116 20.58482091 20.164006   19.20965095
 19.06195275 20.89467507 19.20392378 20.9141532  20.25919522 19.30282051
 20.48003204 19.02772185 19.96043505 19.94246483 19.31516988 19.40085597
 19.36858187 19.14730534 19.9872103  20.57674422 19.69542446 20.94568209
 19.66186199 20.15053235 20.90084034 20.00534621 20.33861724 19.06844386
 19.11324639 20.37527077 20.37007664 20.69196769 19.70907061 20.6374476
 19.57364769 20.53775175 20.89691442 19.58835108 20.5647309  19.35790691
 20.09369403 20.25195793 20.03347851 20.67774453 19.58503295 19.78195513
 19.1990232  19.52495212 19.91192657 19.5898895  20.45536225 20.4705454
 19.00372091 19.21827095 20.73587779 20.53750996 19.1836825  20.9964482
 20.52827253 19.60354594 20.79241508 20.06343151 19.07036279 19.49576537
 20.34328669 19.40381424 20.31607901 19.90244452 20.45011834 19.00324196
 19.42394784 19.10162534 19.72347263 19.13141738 19.73085551 19.70580994
 20.60564635 20.35901822 20.47336984 20.41899746 20.53812389 20.34782469
 19.0699112  20.1341472  19.82530449 19.65305948 20.91428365 20.75399421
 19.79335022 20.31125507 20.27125732 19.81449083 19.04694171 19.32024713
 20.75425258 19.68202871 19.86412375 19.31486204 19.20891706 19.66426961
 19.99475127 19.3617915  20.42641404 20.83062275 20.79852853 20.73246517
 20.71286478 20.19927125 19.56760376 20.18131162 20.50079396 20.68493409
 19.46668371 20.54283812 20.8011337  19.4846694  19.54885454 19.99584384
 20.87993974 20.57687222 20.51605827 19.69605609 19.35042076 19.9437281
 19.77775502 19.1219353  20.4143656  19.11953356 20.471596   19.9455338
 20.31118533 20.25459004 20.40777081 20.23855124 19.02618155 20.26106898
 20.19945972 19.64094799 20.07218878 20.46791833