5.44868131e+01 1.51302186e+01 2.44422758e+01 4.62208377e+00
 8.99905584e+00 1.77309099e+00 5.44509290e+00 4.93508246e+01
 3.53915597e+00 2.45355639e+01 1.39350304e+00 1.27324750e+02
 1.39127215e+01 6.69916646e+00 1.40318376e+01 5.24683580e+00
 2.61633288e+01 6.28623383e+00 2.73567144e-01 5.47942234e+01
 9.62189566e+00 2.69782091e+01 7.63149761e+00 3.02077764e+01
 2.79723161e+01 4.84822511e+00 1.19292953e+01 2.87401441e+00
 3.40801442e+01 9.97713285e+00 1.49980434e+01 4.47266535e+01
 1.32877833e+01 2.81539743e+01 5.85023331e+01 1.91624576e+01
 2.79860322e-01 1.55500827e+01 3.89812084e+00 5.64361281e+01
 3.61990666e+00 3.54454744e-01 2.46147358e+01 2.21066014e+01
 4.73678093e+01 2.23611166e+01 1.05069032e+01 9.49183858e-01
 2.78095254e+01 6.77630828e+01 4.26544677e+01 4.23635162e+01
 6.48702113e+01 6.82341027e+00 5.13198389e+01 5.40783083e+00
 4.66398895e+01 5.03057896e+00 4.04985367e+00 6.92506281e+00
 2.21813235e+00 1.52954575e+01 4.03568179e+01 1.18215495e+01
 6.45066983e+00 6.33691418e-01 1.69032383e+01 2.01634979e+00
 1.57054371e+00 2.83392804e+01 6.86216378e+01 4.40566809e+00
 2.43412894e+00 4.68007246e+01 5.25932593e+01 1.00972863e+01
 1.86523527e+01 2.04773492e+01 3.10047900e+00 8.49911689e-01
 5.99903528e+00 1.61091675e+00 1.22546086e+01 3.37696999e+00
 4.33469923e+01 1.19260885e+01 1.19164501e+01 1.27222532e+01
 4.74078059e+00 4.85543843e+01 3.60221212e+01 1.51679060e+01
 1.74488389e+01 1.00566503e+01 2.26870701e+01 3.06111868e+01
 1.70349273e+01 2.41207147e+01 1.17040127e+01 3.13923837e+01
 8.27467216e+00 9.11199449e+00 1.23443741e+01 1.13163100e+01
 3.27444821e+01 3.23082371e+01 1.37889191e+01 4.30327008e+01
 1.02771636e+01 8.15093049e+00 6.84780421e+01 1.51043697e+01
 3.56152230e+01 1.24938119e+01 3.21118147e+01 1.65309843e+01
 1.72425346e+00 4.73305195e+01 7.01957321e+00 2.79686334e+01
 1.58185743e+00 1.82429846e+01 2.24623439e+01 6.45642007e+01
 3.15148035e+00 2.24710086e+01 7.04822992e+01 2.11539248e+01
 1.76951291e+01 6.56350151e+00 7.09252621e+00 1.71312590e+01
 1.30624210e+01 7.34128984e-01 2.07161200e+01 1.75730159e+01
 2.15455774e+00 4.59383920e+01 6.98481040e+00 2.14497422e+01
 1.72663023e+01 2.10508254e+00 2.71031460e+00 8.43425146e+00
 1.31314630e+01 2.93942536e+00 3.06268158e+01 2.98704223e+01
 5.24959933e+00 4.31968748e+00 2.83530395e+01 1.87621325e+01
 9.19984786e+00 6.63807871e-01 1.08917131e+00 2.03491721e+01
 2.11515716e+01 2.33774446e+01 3.48777074e+01 1.88198442e+01
 7.49488450e+00 7.80981378e+00 5.00364627e+00 9.22185677e-01
 1.00084571e+01 1.07266096e+01 1.18664142e-01 5.44837670e+01
 1.16334976e+01 4.59844004e+01 3.12613823e+01 1.84771038e+01
 4.44806445e-01 6.93127648e+00 2.47734371e+01 2.22708974e+01
 2.92626060e+01 2.00960428e+00 2.75365378e-01 3.37770960e+01
 2.08765497e+00 5.83778783e+01 1.17609496e+01 1.95866083e+00
 5.03028877e+00 1.31803869e-01 2.16791827e+01 6.51097029e-01
 1.69382922e+01 1.16688872e+02 7.07208164e+00 9.68904739e-01
 1.49332432e+01 5.44372546e-01 6.09315474e+00 2.22950928e+01
 3.07446840e+00 1.59634587e+01 5.52112399e+00 5.63889075e+00
 6.93625763e+00 1.79032164e+01 1.03315620e+01 1.49255113e-01
 8.44631869e-01 5.53947817e+01 1.23993370e+01 1.66574060e+01
 7.67041768e+01 1.17091976e+00 2.21818902e+01 1.63835417e+01
 2.11093836e+01 6.03740728e+01 2.53812112e+01 7.19986090e+00
 3.02397964e+01 1.64627664e+01 1.96979311e+01 8.34318250e+00
 5.89899470e+00 3.18682988e+00 7.11911922e+00 1.81162893e+01
 1.15163141e+02 4.87815293e+01 4.15147043e+00 3.43016801e+00
 1.52921922e+01 1.42397387e+01 1.33565650e+01 3.64800908e+00
 2.46643779e+01 1.10445688e-01 4.61339869e+01 2.04234899e+01
 1.55306074e+01 1.80620478e+00 1.60081818e+00 7.62587115e+01
 2.35767060e+01 9.70965443e+00 1.10987923e+01 6.68647131e+00
 2.46940634e+01 1.33580732e+01 1.07605192e+01 8.16125884e+01
 1.30785607e+01 6.89981562e+00 1.81125212e+01 4.01822914e+00
 2.43236165e+01 1.07086221e+01 1.21195542e+01 2.07548559e+01
 5.91170925e+01 1.21913070e+01 7.97654540e+00 1.85737084e+01
 1.55463819e+00 2.25042420e+01 1.59575647e-01 1.93273198e+01
 6.41636159e+00 7.09028412e+01 8.66767845e+00 4.50141905e+01
 5.31168659e+00 7.50494665e+00 2.87419801e+01 1.64202454e+01
 3.60525391e+00 3.60885396e+01 7.01279209e+00 2.01112785e+01
 1.61978735e+01 2.49779548e+01 1.12837708e+01 5.31564936e+01
 3.75406885e+00 3.21639946e+01 4.86375432e+01 2.24796592e+01
 6.76916665e+00 6.40271363e+01 8.69248041e-02 5.88155197e+01
 3.22612588e+01 2.24288759e+00 3.52178148e+00 6.85380761e+01
 7.67689905e+00 5.29541636e+00 8.90268017e+00 8.81474670e+01
 4.34995428e+00 2.05036891e+01 4.25199504e+00 3.34049976e+00
 1.13100194e+01 4.16220526e+01 7.14361352e+00 2.99399169e+01
 3.10498097e+00 3.00962345e-01 3.57506081e+00 3.58006546e+00
 2.18561305e+01 3.64436374e+01 2.83896017e+00 3.39955681e+01
 5.17345388e+00 3.09561534e+01 2.92400016e+01 5.45697347e-01
 5.51026771e+00 2.79387479e+01 5.62427151e+01 2.42715247e+01
 1.53319128e+01 4.09630941e+01 1.85985989e+00 3.07102990e+01
 3.83115985e+01 5.08097260e+00 1.26797004e+01 1.19645074e+00
 1.70662755e+01 4.37839757e+00 1.41014765e+01 6.41607228e+00
 4.81535028e+01 2.44965963e+01 4.90591348e+01 3.52006712e+01
 9.42465290e+00 7.53971100e+00 1.42069764e+01 1.43994091e+01
 9.34517267e+00 1.54203962e+01 6.06104127e-01 2.18615837e+01
 4.63542105e+01 4.46618891e+01 4.63847975e+00 8.78980506e-01
 1.95344038e+01 2.15576258e+01 5.54753765e+00 1.68557243e+00
 1.28594220e+01 4.08445047e+01 1.84976625e+01 2.60068662e+01
 2.11448371e+00 7.36615605e+00 2.71275204e+01 1.12719667e+01
 5.48503232e+01 4.20935383e+01 4.09327785e+00 6.57922873e+01
 3.74946892e+00 1.33393287e+01 1.79416342e+01 8.88191747e-03
 2.18938339e+01 2.17482051e+00 3.50908854e+01 8.05501389e-01
 3.80504508e+01 2.48263477e+01 7.49488475e+00 1.42532974e+01
 2.02760922e+01 1.20729701e+01 1.72990198e+01 5.52200728e+00
 7.49052217e+00 1.01078977e+01 1.27267979e+01 8.33687745e+00
 3.20552810e+01 1.22836593e+01 4.19917897e+01 5.98555703e+01
 1.85247611e+01 1.25610618e+01 3.37951086e+01 4.74000512e+00
 5.97314726e+00 4.51994715e+00 3.87924632e-01 1.85338822e+01
 6.08520120e+00 1.04225573e+01 1.99077584e+01 3.07178369e+00
 3.90733103e+00 1.74702263e+00 6.37221410e+01 9.41003090e+00
 9.11327198e-02 1.60906642e+01 5.87952861e+01 5.81816134e-01
 3.62464425e+01 1.62603386e+01 1.13021300e+01 1.72014017e+01
 5.79933387e+00 3.43947136e+00 1.72277270e+01 4.76851792e+01
 1.60579775e+01 3.39789715e+00 2.25851817e+01 5.31401663e+01
 3.44226403e+01 8.53064926e+00 4.03247764e+01 3.36712942e+01
 3.31394266e+01 5.95735731e+00 2.99790477e+01 1.14042869e+01
 4.03627227e+00 2.27976199e+01 6.28656023e+00 8.60239295e+00
 1.77832358e+01 1.31404352e+01 2.76371354e+00 1.22393226e+01
 9.07881659e+00 1.76810529e+01 1.62508608e+01 3.47585703e+00
 1.48574476e+00 1.50382946e+01 3.71186444e+01 3.84308547e+00
 1.00733062e+02 1.46107474e+00 2.41233740e+01 3.37766041e+01
 2.95704269e+01 5.18530575e+00 1.01123205e+02 1.03402614e+01
 6.06468252e+01 2.46672538e+00 2.56896419e+01 6.84131547e+00
 1.71861148e+01 4.82418705e+00 2.74170818e+01 6.73961073e+00
 5.79109120e+00 9.29663220e+00 1.33792968e+01 2.03835211e+01
 1.09105417e+01 5.13068763e+01 2.33875420e+01 3.11786625e+01
 5.45689400e+00 2.21594284e+01 4.14858348e+00 1.10554756e+01
 5.22230120e+01 2.40046630e+01 3.46714070e+01 1.64511673e+01
 1.34558672e+01 3.92747994e+00 9.55175983e+00 3.62748000e+01
 7.81578899e+00 4.48593022e+00 2.74346851e+01 2.59990028e+01
 2.34397082e+01 2.51493996e-01 2.03077732e+01 1.81433448e+01
 3.68447757e+01 3.69133837e+01 2.08866220e+01 3.32970701e+01
 3.07468939e+01 1.22981433e+01 5.34478115e+00 2.03631519e+00
 4.22959355e+00 6.29911692e+00 1.48413683e+00 2.66023382e+01
 1.84897883e+01 6.58217097e-01 1.82448619e+01 6.02791166e+01
 2.42744998e+00 8.79853127e+00 2.75248515e+01 9.62551249e+00
 1.50269547e+01 1.29013348e+01 2.33420949e+01 4.36895286e+00
 2.17797814e+00 1.30280861e-01 1.25613840e+01 1.98948214e+01
 8.05563759e+01 1.51865402e+00 3.69988389e+00 3.90280081e-01
 3.79136466e+01 1.10602738e+01 4.49349183e+00 2.17892029e+00
 9.99593279e-01 3.62109011e+00 5.95596662e+00 4.92606709e+00
 3.84606324e+01 3.65913932e+01 1.55247659e+01 1.64583501e+01
 1.61909107e+01 3.13228720e+01 2.90595264e+01 2.34003670e+00
 5.27525386e+01 2.95333567e+01 4.35024824e+00 2.97813523e+01
 1.04096678e+01 9.98472407e+00 2.80500655e+01 2.25335481e+01
 3.93127311e-01 2.73452620e+01 2.38546932e+01 2.99454599e+01
 9.32358508e+00 5.76734805e+00 5.36827685e+00 1.55204135e+01
 1.37671259e+02 4.95916827e+00 1.35949765e+01 2.45889428e+01
 2.16712447e+01 3.52232271e-01 1.31729536e+01 8.83835600e+00
 6.71816382e+01 3.52844217e+01 2.69460683e+01 2.01010451e+01
 2.07265406e+01 1.07615283e+00 6.28133906e+00 5.32587448e-02
 5.59899148e+01 2.09976598e+01 2.37876034e+00 1.89854533e+00
 2.99191591e+01 2.39351761e+01 8.85407207e+01 5.50222700e+00
 6.06332592e+00 2.24870943e+01 1.19698985e+00 2.45350641e+01
 1.68676526e+01 2.84787023e+01 8.27747101e+00 6.66875201e+00
 1.19486695e+01 3.67179959e+01 1.28037283e+01 1.27185829e+01
 2.94318824e+01 7.50075512e+01 4.44279724e+01 2.10420964e+00
 1.90096635e+01 1.12793838e+01 4.53994291e+00 1.08349792e+01
 1.16908157e-01 1.24710924e+00 3.35176520e+00 7.26218290e+00
 2.99594392e+01 2.91913335e+01 1.50499584e+01 2.81226613e+00
 3.42716877e+01 6.80918406e+00 2.11712147e+00 5.27844018e+01
 1.98967059e+00 1.04094489e+01 1.47540659e+01 1.18876870e+01
 6.60878595e+00 9.15772916e+00 8.25144027e+01 1.74533873e+01
 5.53421376e+01 1.27334210e+01 6.03040537e+00 1.67133831e+01
 7.14147458e+01 1.39764801e+01 2.91770487e+01 1.72835892e+01
 1.06777532e+01 3.24764917e+01 5.75028926e+00 4.57476602e+00
 3.22668580e+01 3.09905942e+01 6.23449895e+00 7.96265506e+00
 5.75353924e+01 1.38207679e+00 1.08338125e+01 1.82195181e+01
 5.30320687e+01 1.50835323e+00 1.09613450e+01 8.64866195e+00
 5.21349336e+00 7.97222643e-01 1.47047967e+01 7.48734420e+00
 4.20645391e+00 2.32194925e+01 4.88240698e+00 2.85515616e+01
 4.56589934e+01 8.59911738e+00 1.23670914e+02 2.98545632e+01
 2.79885571e+00 2.89690675e+01 4.98823433e+01 1.34338294e+01
 4.28084391e+01 2.22324248e+01 2.31626308e+00 1.59159681e+01
 2.31503625e+01 2.51523140e+00 3.37317119e+01 1.18949263e+01
 5.63994518e+00 1.42030541e+00 1.46571513e+00 6.10466584e+01
 2.36176371e+00 6.10643717e+01 8.32913765e+00 5.90187246e+00
 2.92556825e+00 5.67465270e+01 6.26788901e-01 2.46791249e+01
 1.18763530e+01 4.66966016e+01 1.61999373e+01 1.41726140e+01
 8.78663140e+00 3.70316713e+01 1.48142012e+01 8.42876627e+00
 1.52672019e+01 1.77969676e+01 6.49377404e+00 3.02508224e+01
 2.43855023e+01 3.97959403e+00 1.08316836e+01 5.29372618e+00
 2.71770177e+01 1.31669057e+01 2.02173796e+00 3.00841069e+01
 1.09966169e+01 4.56046529e+01 4.68249175e+01 1.48180869e+00
 3.73407254e+01 2.21733072e+01 3.14178158e+01 5.79382988e+00
 2.14422575e+00 6.08667620e-01 4.22930543e+01 4.85295889e+01
 2.49307231e+00 5.29853525e+00 6.72873885e+00 3.10453877e+00
 2.44221907e+01 5.29456478e+01 1.84888136e+01 1.86463972e+00
 3.94166486e+01 5.59965826e+00 3.20438338e+01 1.34863447e+01
 7.24058774e-01 3.13752404e+00 1.61372072e+01 4.92588103e+00
 2.26735799e+01 1.61008189e+01 1.61556944e+01 8.44564519e+00
 8.44139557e+00 3.58801436e+01 4.00125888e+01 1.18634553e+00
 4.66275001e+01 8.56086281e+00 2.80014138e+01 4.74453497e+00
 5.57380353e+00 2.14808531e+01 6.75559068e+00 5.32031921e+00
 1.88827011e+01 2.79420983e+00 2.73051709e+01 6.05929464e+01
 3.19980994e+01 1.39356778e+00 2.53983760e+01 2.19596332e+01
 1.48172118e+01 4.78162664e+01 2.21665099e+01 3.02827900e+01
 5.43538009e+00 7.89938002e+00 2.70561183e+01 2.18569384e+00
 1.07172065e+01 1.95388424e+01 3.29121499e+01 1.56948576e+01
 5.13255283e+00 9.45264778e+00 1.83322989e+00 1.18188370e+00
 6.19311967e+00 3.56630467e+01 3.29910116e+01 1.02226829e+01
 2.35517827e+01 4.53089143e+01 1.09935825e+01 3.74437711e+00
 2.50411944e+01 7.52642441e+01 2.33482669e+01 1.44129091e+01
 4.54461495e-01 3.42630735e+00 7.30545787e+00 2.11489353e+01
 7.49814466e-03 1.76809461e+01 2.49774822e-01 2.66566883e+00
 7.02251317e+00 1.82496756e+01 4.37484065e+01 8.56734948e+01
 3.88519398e+01 3.10286468e+00 8.37884487e+00 1.15211607e+01
 6.73453995e+00 2.37600326e+01 2.79223224e+01 1.12615567e+01
 8.76232131e+00 4.53747638e+00 2.38496140e+00 2.28779262e+01
 7.32079430e+00 6.20568630e+00 4.92663495e+00 6.77233727e+00
 1.19577382e+01 1.54337446e+01 9.75569196e-01 3.39748918e+01
 5.43923920e+01 2.58290702e+01 2.78963071e-01 1.32848118e+01
 1.46157322e+01 6.15639407e+00 3.26040771e-01 2.34125334e+01
 3.41893672e+01 1.41493927e+01 7.96431649e+00 1.10068417e+01
 6.32600138e+00 7.02687866e+01 2.85916029e+01 7.31674315e+00
 7.50941334e+00 5.32898442e+00 7.29049900e+00 1.35294256e+01
 5.15188407e+00 1.49224463e+01 2.41090050e+01 1.69654970e+01
 2.61699920e+01 2.17690461e+00 4.09901225e+00 2.14227893e+01
 2.03925089e+01 6.98307592e+01 7.10056254e+00 2.05683841e+01
 4.88788326e+01 6.21369674e+00 5.91255464e+00 4.11018296e+00
 1.70941748e+01 2.04407483e+01 1.33532022e+01 3.18085423e-01
 3.05895547e+00 3.26622040e+01 1.22884225e+01 1.91886922e+01
 2.25413398e+00 8.05435472e+00 2.29130031e+01 5.80849460e+01
 3.14318873e+00 2.68558547e+01 2.09633063e+01 8.00631016e+00
 1.01261594e+01 1.37760514e+01 5.58127106e+01 5.23227280e+01
 3.43203516e+00 4.63291091e+01 4.22914922e+00 4.14618316e+00
 8.67354298e+00 5.78748828e+01 3.32649122e+00 2.19124614e+01
 7.58890663e+01 2.23069472e+00 3.26527100e+00 4.49731808e+01
 2.57939890e+01 1.43354665e+01 2.12175152e+01 2.60850093e+00
 1.75194989e+01 2.02273792e+01 3.05798558e+00 4.58603711e+01
 2.77094479e+01 2.48628595e+01 4.87385293e+01 3.84857297e+01
 3.68656136e+00 8.25702136e+01 2.24123964e+01 2.36418843e+01
 1.47283915e+01 5.43035784e-01 7.72628883e-01 5.35381629e+00
 7.98583973e+00 3.42182844e+01 6.97936021e+00 1.51100410e+01
 2.57053221e+00 2.62302820e-01 9.51330012e+00 1.43210011e+00
 2.71184035e+00 1.29697552e+00 1.34687078e+01 4.79087236e+01
 4.15365658e+01 8.87942164e+00 9.84389065e+00 1.07476934e+01
 4.04615296e+01 3.03103477e+01 2.43648723e+00 9.41442662e+00
 3.15196509e+01 1.16868225e+00 3.59331845e+01 2.66349471e+01
 3.99448470e+01 4.33311471e+00 1.40019146e+01 2.80570832e+01
 2.28149285e+00 9.27725914e+00 2.38115374e+00 4.54632183e+00
 3.94740775e+01 2.99224807e+01 2.47528713e+00 1.03818908e+01
 1.14294772e+01 2.98683043e+01 5.25765182e+01 2.33768447e+00
 2.58018809e+00 6.30761360e+00 1.24875830e+01 5.67050256e+01
 6.52919602e+00 1.61260375e+01 3.08756610e+00 3.05275736e+01
 2.03858882e+01 1.47157418e+01 7.35217259e+00 1.17253272e+01
 8.92680961e-01 5.50896541e+01 3.26956861e+01 5.26019405e-01
 1.80332134e+01 1.29624228e+01 1.77748243e+01 3.99832069e+01
 2.70148849e+01 1.84010021e+01 4.86232607e-01 7.21587586e+00
 1.32862512e+01 5.65672506e+00 1.35958410e+01 1.21365839e+01
 1.67690927e+00 2.26288456e+00 2.03324543e+01 3.43874226e+01
 2.39216044e+01 2.14929539e+01 2.41700341e+01 6.21152739e-01
 1.50095831e+01 1.46110166e+01 2.55670501e+01 1.96791252e+01
 3.18401387e+01 1.57654842e+01 1.21383516e+02 3.10947964e+01
 2.54969527e+01 1.16834024e-01 2.51342778e+00 1.12521123e+01
 2.80502216e+01 2.82791131e+01 2.08992991e+01 6.45297987e+00
 7.42406451e+00 5.70054646e+00 4.03537217e+01 1.44088540e+01
 8.34948265e+00 2.56430180e+01 5.60053758e+00 3.02239838e+00
 1.97419660e+01 2.55938333e+00 5.87287097e+00 3.51611219e+00