4.75542742e+00 7.93363771e-01 2.49244885e-01 2.19203318e+00
 3.47261747e+01 3.20219783e+00 3.77911303e+01 9.48650362e-01
 9.51944631e+00 4.99865407e+00 1.15945733e+00 2.04596745e+01
 3.33139736e+00 2.34853481e-01 3.66469225e+01 1.45283444e+01
 3.02090951e+01 1.72681401e+01 7.83497890e+00 1.76255740e+01
 2.99224693e+00 2.86292803e+00 4.55864232e+00 2.40976210e+01
 5.53794910e+00 1.81965359e+01 4.54176051e+00 5.82148945e+00
 2.56674164e+01 2.91469510e+00 1.47592731e+01 4.09356653e+00
 7.42788707e+00 2.16237731e+01 7.52165850e+00 3.15298327e+00
 4.76422674e+01 6.05138417e+00 5.48386973e+00 1.53191312e+01
 1.22089432e+01 4.42798476e+00 3.18744192e+01 2.18614047e+00
 3.99396834e+00 1.10486916e+01 2.52101259e+01 5.70667013e-01
 1.72742063e+00 1.79448663e+01 1.00885266e+01 1.62183157e+01
 1.85450951e+01 1.79020062e+01 2.56645081e+00 5.45001864e+00
 2.54972403e+01 1.57054435e+01 7.11531845e-01 4.34384968e+01
 6.02666533e+00 4.59179850e+00 2.94614000e+01 4.78171209e+00
 6.29147669e+00 1.25987321e+01 7.34157126e+00 2.90626832e+01
 2.36817209e+00 5.41099216e+01 7.88327775e+00 4.61044747e+01
 2.02229475e+01 3.47526773e+01 3.61598218e+00 6.76895056e+00
 4.36531889e+00 9.63620997e+00 9.77577678e-01 2.74593174e+00
 1.90989186e+01 1.70541923e+01 6.75685197e+00 8.02633473e+00
 4.70818166e+00 5.27801414e+01 1.50338269e+01 7.57837550e+00
 1.83713456e+01 7.43680957e+00 1.04477072e+00 1.83195036e+01
 1.84997473e+01 4.22049863e+00 1.71299767e+01 2.31115535e+01
 8.04286202e+00 1.14492136e+01 2.77371681e+01 7.14021270e+00
 5.97546679e+00 3.43436836e+00 1.07254180e+01 5.74182461e+00
 1.70759029e+01 3.92874270e+01 2.97685465e+01 6.16083724e-01
 4.37521365e-01 3.58977175e+01 3.30218949e+01 1.40237629e+01
 4.58336258e+00 7.36767781e+01 3.50385009e+01 8.00483452e+00
 1.01257564e+01 5.19170028e+01 2.07140103e+01 2.01551913e+01
 1.08312311e+00 1.01446851e+01 6.75468846e+00 5.46296233e+01
 5.89906773e-01 6.30155749e+00 9.92039364e+00 7.29612196e+00
 3.11591910e+00 2.28028662e+00 8.56100849e+00 8.44089036e-01
 3.58351562e+01 1.99449081e+01 8.93900089e+00 3.36472307e+01
 9.12402929e+00 1.17741575e+00 9.29829811e+00 2.90330167e+01
 5.46299237e-02 3.36495602e+00 1.86295686e+01 1.25380590e+00
 8.13985113e+00 3.71504566e+01 2.87058128e+00 2.05159621e+00
 2.89860026e+01 4.19164093e+00 9.23328220e+00 1.76618613e+00
 2.02080480e+01 1.75805658e+00 6.77916468e+00 4.06976468e+00
 1.40167426e+01 2.25364886e+01 1.91275714e+01 5.35748343e+00
 1.65010782e+01 6.17836217e+00 5.15892847e+01 1.67148479e+01
 1.52730832e+00 2.14110654e+01 4.67173398e+00 1.50141548e+01
 5.85190232e+00 7.40360164e+00 3.09008754e+01 1.03466509e+01
 1.92763641e+00 4.33703225e+01 3.18663209e+00 1.39969371e+01
 3.00923013e+01 1.03161861e+00 4.78170813e+00 1.18954112e-01
 1.34062642e+01 1.24197682e+01 7.92523019e+00 8.40836779e+00
 1.39763675e+01 1.77445183e+01 2.98285923e+01 2.43859438e+01
 8.87800533e+00 2.39162344e+01 1.26757691e+00 1.67059093e+01
 1.37264205e+01 1.50746462e+01 1.35992257e+01 7.78395760e+00
 9.23633280e+00 3.31676331e+01 6.45554874e+00 1.35772830e+00
 1.19172770e+01 1.61220376e+01 4.02217667e+00 3.16073963e+01
 3.28751240e+00 2.43759442e+01 8.07336976e+00 7.05774136e-01
 2.41940816e+01 3.10799061e+00 7.61559221e+00 5.02759876e+00
 1.96449404e+01 6.85061213e+00 1.38247012e+01 9.39290924e-01
 5.10227498e-01 4.48238449e-01 3.50641129e+01 1.50761998e+00
 4.79884994e+00 5.76541341e+00 5.22447214e+00 1.02335114e+01
 7.29742352e+00 3.08599116e+00 2.07893106e+01 2.02160077e+00
 1.46818521e+01 1.80977565e+01 8.10766262e-02 4.20096208e-01
 3.94069005e+00 2.85154237e+00 3.21642881e+01 3.15022260e+01
 2.23172963e+01 1.65919766e+01 1.33620610e+01 1.43870962e+00
 4.90037136e-01 4.79805258e+00 4.45099919e+01 3.30683894e+01
 2.72058458e+01 2.82752140e+00 5.75819580e+01 3.27654210e+00
 4.49937613e+00 9.20024205e-02 6.07390184e+00 1.77359481e+01
 3.09502299e+01 6.33848605e-01 9.00908076e+00 2.02221758e+00
 5.37249386e+00 3.58602204e+00 7.22682907e+00 7.72220971e+00
 8.65848973e+00 8.43003022e+00 4.97763342e+00 2.00469320e+01
 8.86868615e+00 2.13836248e+01 2.33036025e+01 7.17538564e+00
 1.20104420e+01 1.42238138e+00 8.70447911e+00 1.19519627e+01
 3.58062161e+00 1.62570889e+01 3.38204434e+00 7.92951385e+00
 2.32276094e+01 4.44743327e+01 2.30231298e+00 1.74889720e+01
 1.16579629e-01 1.73035647e+00 2.06836752e-01 7.01233156e+00
 1.36723868e+01 5.92134150e+00 1.54897241e+01 4.28773361e+00
 2.07568235e+01 7.26592251e+01 1.51902652e+01 1.20229914e+00
 1.77662684e+01 6.61377728e+00 8.27515413e+00 4.27391714e+01
 5.03009389e+00 2.69653900e+01 4.54455534e+00 6.23379117e+00
 2.82470148e+00 5.97871365e+00 8.69156337e+00 1.80665184e+01
 4.17939262e+00 1.94311694e+01 6.66565974e+00 3.43614567e+01
 2.32394208e+00 1.58716165e+01 1.46055787e+00 1.28059203e+01
 2.13031644e+01 4.29789139e+00 1.83129628e+01 2.61015736e+01
 1.58963950e+01 1.47780639e+01 6.84979501e+00 1.10260468e+01
 2.54737115e+01 4.83151084e+00 9.10445555e+00 2.45272911e+00
 2.28997004e+01 1.87463540e+01 7.75420132e+00 9.47904856e+00
 1.80502040e+01 1.88901179e+01 7.32423517e+00 2.86376420e+00
 2.84563500e+00 1.46951893e+01 2.76575156e+01 4.87790577e+00
 4.16321886e+01 1.49633611e+01 2.12619665e+01 2.34334071e+00
 9.99766654e+00 4.51895660e+00 2.42015115e+01 7.71518703e+00
 1.84409648e+01 1.04206118e+00 2.65951417e+01 7.62185062e+00
 1.47092143e+00 4.37445394e+00 1.38125458e+01 1.98890655e+01
 2.15780256e+01 1.87304571e+01 4.56665290e+00 3.74684407e-01
 1.32671353e+01 5.15900585e+00 5.27560109e-01 2.88489572e+00
 5.90105515e+00 1.21256585e+01 7.28891404e+00 1.44430811e+01
 9.97193413e-01 4.71838241e+00 2.87542847e+01 1.15139876e+01
 5.93642648e+00 1.50567756e+00 1.31159584e+01 5.22082246e+00
 6.19520724e+00 1.12971206e+01 4.28620186e+00 1.92069009e+01
 1.75828836e+01 1.82953513e+00 1.79904785e+01 6.75949145e+00
 5.26069532e+00 5.10533614e+00 1.96383551e+01 2.93095598e+01
 2.71831607e+01 7.99820377e-01 5.59949914e+00 6.43151846e+00
 6.04080417e+00 4.09694653e+01 2.88493537e+00 6.22929732e+00
 1.12623878e+01 3.21135044e+01 1.63056080e+01 1.60377597e+01
 5.81071191e-01 2.31958605e+00 1.03527096e+01 2.29297445e+00
 2.54764228e+01 5.04689930e+00 2.81377140e+01 4.93321629e+00
 1.30402634e+01 1.00745847e+01 3.26951832e-01 2.23936091e+00
 3.03771027e+01 1.03335055e+01 1.18868673e+01 3.94802433e+00
 8.07650813e+00 6.50219696e+00 3.52003761e+00 1.87313246e+01
 1.44327601e+00 1.73374926e+00 1.27488178e+01 4.16925303e+01
 3.98996036e+01 1.90103079e+01 1.61159998e+01 1.08061793e+00
 2.65521696e+00 2.09868176e+01 1.55194163e+01 3.31765270e+01
 2.29091472e+01 2.98426188e+01 2.24239762e+01 6.67886318e+00
 1.90617977e+01 1.68106484e+00 8.66322887e+00 7.13019302e+00
 2.07940489e+00 2.97395459e+00 1.00458447e+02 1.57410567e+00
 8.19169770e+00 5.84093221e+00 2.84333125e+01 9.29085814e+00
 2.71381499e+00 1.91258513e+01 1.44745983e+01 2.57154302e+01
 7.72069400e+00 2.32406230e+01 3.14919483e-01 6.14257417e-01
 4.82905657e+00 1.31952661e+01 1.76373565e+00 4.23007314e+00
 1.97533907e+01 6.00648628e-01 2.28383963e+01 1.36653229e+00
 1.40325690e+00 7.08947733e+00 4.06577697e+00 5.79794373e+01
 6.00551298e+01 1.02912023e+01 8.23156396e+00 7.80139536e+00
 1.99829989e+01 1.24480986e+01 1.34939278e+01 1.39580022e+01
 1.62407530e+01 2.97125331e+01 8.30225129e+00 9.34503445e+00
 2.24157379e+01 1.09956380e+01 5.52776603e+00 2.64110155e+01
 8.57809960e-01 1.31259696e+01 1.80367014e+00 1.31258969e+00
 2.38472289e+00 6.97857169e+00 7.10412618e+00 5.93235834e+01
 1.52112864e+01 6.98633782e-01 2.84416431e+01 7.27684481e+00
 1.80853132e+01 3.77605671e+01 1.17110182e+00 2.01616753e+01
 1.43869133e+00 1.16609438e+00 1.13407899e+01 9.13235125e+00
 1.19774039e+00 7.33563283e+00 3.88878278e+01 8.51748957e+00
 1.33344598e+01 7.00264413e+00 5.94248697e+00 5.26722041e+00
 1.17207596e+01 4.74127895e+00 1.11676955e+01 3.60487940e+00
 9.45829317e+00 4.28561832e+00 5.26874830e+01 5.07128969e-01
 3.63991014e+00 1.72874698e+00 2.56317224e+00 2.27131306e+01
 1.93517449e+01 9.03188479e+00 5.83544717e+00 1.62913445e+01
 2.57434454e+01 2.89441462e+01 1.28651748e+01 1.88852296e-01
 1.69862757e+01 2.54095549e+01 8.35369599e+00 2.57935626e+01
 2.01806043e+01 7.80746698e-01 2.68620689e+01 1.32916321e+01
 2.53884420e+00 2.90029563e+01 2.95554608e+01 5.22090358e+00
 1.05657342e+01 2.65337725e+01 4.36582353e+00 6.29073465e+00
 2.28577910e+01 7.37915723e-01 8.65750386e+00 4.52955066e+00
 1.40361525e+00 2.19224027e+00 1.43412917e+02 2.69941728e+01
 1.90605737e+00 1.09997552e+01 2.93292121e+01 6.48767683e+01
 4.80521846e+00 8.48197747e+00 7.37960146e+00 2.74539616e+01
 6.22013782e+00 2.73693827e+01 9.13032219e-01 1.61691114e+01
 1.22206769e+01 2.26815459e+01 1.30318187e+01 4.99760583e+01
 1.14542495e+00 4.11328651e+00 4.77028926e+01 4.81539690e+00
 4.44646302e+00 3.00904383e+00 5.20527898e+00 1.13987549e+01
 7.73527977e+00 7.00185687e+00 1.72478539e+01 6.53357169e+01
 2.14510309e+00 1.84802491e+00 4.30636765e+01 1.18372326e+01
 8.71717663e+00 3.82888554e+00 2.31513400e+01 1.71215251e+00
 1.24794997e+00 4.06784519e+00 1.81704685e-01 1.59533957e+00
 4.26957647e+01 1.87220851e-01 5.81108409e-01 9.15719139e+00
 3.45054394e+00 4.31105082e+00 1.65801915e+00 9.25534881e-01
 9.14693944e+00 2.32335966e+01 7.19321692e+00 9.42309511e+00
 3.03838177e+01 2.05634816e+01 1.94962800e+01 6.02878248e+01
 4.04030226e+00 5.41064626e+00 1.02180980e+01 2.79195361e+00
 3.35628895e+01 3.96525707e+01 8.28401522e+00 6.36785412e+00
 2.29576563e+01 1.87902225e+01 3.62826519e+00 1.73195178e+01
 8.52096329e+00 8.59108403e+00 1.45825465e+01 3.25431750e+01
 2.78323612e+00 2.78775687e+00 1.14070039e+01 1.26971765e+01
 2.80851625e+00 3.14104986e+00 2.02727691e+01 5.27234639e+01
 2.52430203e+01 9.51063629e+00 1.32514608e+01 1.74162170e+01
 5.10572688e+01 1.76946353e+01 1.23788664e+01 1.72636875e+01
 1.23552623e+01 2.32032003e+01 1.76839330e+01 1.56449026e-01
 1.84071691e+01 1.23251282e+01 9.97504436e+00 8.68446397e+00
 3.65817239e+01 4.81965342e+00 2.77824632e+00 6.21244882e+00
 3.38038316e+01 3.82367971e+01 6.91734155e+00 4.32091942e-01
 2.50339494e+01 3.59341352e+01 1.57957905e+01 4.13134641e+00
 8.41392658e+00 3.76928996e+01 5.69932022e+01 3.28843680e+00
 3.27784466e+01 1.50029539e+01 3.02216509e+01 8.97692444e+00
 3.81868303e+01 1.56903118e+00 1.13414100e+01 1.58950725e+00
 6.66344979e+00 1.50165316e+01 4.56083938e+00 1.09767278e+01
 4.39301140e+00 2.63838479e+01 4.51384012e+00 4.11830961e+00
 1.68075786e+01 3.18533722e+01 5.78126204e+01 9.46882019e+00
 3.10290750e+01 9.34960526e-01 2.24422965e+01 5.91016920e+00
 2.89102571e+01 2.10543459e+00 1.14633443e-01 1.46294779e+01
 3.86053154e+01 2.42912074e+01 1.01476474e+01 3.17467223e+00
 4.68003216e+01 1.66148097e+01 2.71367485e+01 2.84987558e+00
 6.75057328e+00 3.38832797e+00 7.64397687e-01 2.87894984e+01
 1.07247314e+00 6.71968757e+01 1.31680221e+01 5.68237628e+01
 1.16887370e+01 6.71744401e+00 1.25692736e+01 5.24058377e+00
 6.97315616e+00 1.14746992e+01 1.94990110e+01 2.85065892e+01
 3.57791526e+01 8.95347359e+00 1.03373632e+01 4.86998991e+00
 1.25145507e+00 7.75823800e+01 7.57452344e+00 9.72847782e+00
 3.96293824e+00 1.46041335e-01 5.88619182e+00 6.84946969e+00
 5.51801952e+00 3.46151915e-01 1.77148211e+01 4.07279349e+01
 1.24701732e+00 9.43306299e+00 5.43261552e+00 3.81213624e-01
 1.47547337e+01 2.96589847e+01 1.00635779e+01 2.70089321e+01
 3.93546266e+01 1.04727637e+01 9.62139449e+00 1.48602202e+01
 9.48280258e+00 4.30993659e+00 5.87300269e+00 5.41753263e+00
 9.93050424e-01 4.26989230e+00 2.64154821e+00 1.35512396e+01
 3.32271845e+01 7.39568233e+00 3.78006240e+00 2.44868494e+01
 9.25608343e+00 1.25760056e+01 5.44960595e+00 1.06030409e+01
 3.20562530e+01 1.78758008e+01 3.95614162e+00 7.08485597e+00
 9.59324639e-01 5.50716340e+00 1.90747917e+01 4.43131281e+00
 1.71646453e+01 2.66981569e+00 3.57017506e+00 1.09711863e+01
 1.27745421e+00 5.14517501e+00 3.27471321e+00 3.44526499e+00
 1.84862418e+00 3.11862238e+00 1.43034887e+01 1.51883999e+01
 1.08268997e+01 5.99958587e-01 4.64469441e+01 1.03273657e+00
 5.18839022e+00 2.09895447e+00 3.27004030e+00 6.31621009e+00
 1.77086349e+01 2.85334150e+00 2.74849736e+00 8.63846403e+00
 9.52881387e+00 5.92045496e+00 2.13412548e+01 3.13280140e+01
 1.44034137e+01 5.20997315e+01 2.56963410e+01 2.31572475e+01
 1.60592586e+01 2.17394029e+01 3.11422502e+00 6.88712982e+00
 1.93604815e+01 1.13520840e+01 1.63044044e+01 3.17947252e+00
 5.08499374e+00 1.21734218e+01 2.86892869e+00 6.50872678e+00
 1.17905481e+01 7.14512084e+00 4.09120361e+00 2.33616935e+00
 1.66851091e+00 5.73361245e+00 2.24306916e-01 1.01084659e+01
 1.01615333e+01 8.39522054e+00 9.93174760e+00 2.12483058e+01
 6.91442464e+00 9.87961289e+00 1.04589426e+01 6.68731889e-01
 1.09350235e+01 5.09462863e+00 1.42697517e+01 3.30062184e+01
 7.78092164e-01 3.67293592e+01 1.84047915e+00 2.62840821e+00
 1.19489636e+01 2.32039831e+01 2.15349004e+00 4.98756200e+01
 6.77952310e+00 7.91859185e+00 1.34988026e+01 6.54030860e+01
 6.88984745e+00 6.46588463e+00 6.10119452e+00 1.96897251e+01
 9.75786668e+00 2.26832479e+01 4.70867936e+01 3.34823132e+01
 1.43569352e+01 2.52777268e+00 1.20326350e+00 2.05536452e+01
 9.93905468e+00 3.23230126e+01 9.77100777e+00 1.42093561e-01
 1.45372635e+01 2.02529523e+01 2.91449928e+01 6.24170045e+00
 3.45053704e+01 1.00497336e+01 3.56208894e+01 1.34155773e+01
 3.34865002e+00 1.95302923e+01 3.28479270e+00 1.74675991e+01
 3.24853225e+01 3.36617603e+01 8.30368297e+00 3.65854744e-01
 1.89276078e+00 4.60512705e+01 8.34900145e+00 1.42777459e+01
 4.71967441e+00 9.26860323e+01 3.33026575e+00 1.91944122e+01
 2.12088749e+01 3.41163960e+00 1.01498817e+01 1.62051354e+01
 3.98650618e+00 2.12438248e+01 1.42810704e+00 1.52728472e+01
 4.89060413e+00 7.53981789e+00 5.16682754e+00 8.40510614e+00
 1.03208314e+01 1.33328042e+01 2.26635815e+01 8.10774610e-01
 3.60055065e+01 2.40511777e+01 3.42258345e+01 1.18534159e+01
 5.05531435e-01 6.03173275e+00 3.06828974e+01 1.11250187e+01
 1.97566084e+00 1.39744977e+01 2.80918812e+01 8.87282871e+00
 7.51967274e+00 1.79611933e+01 4.51522147e+00 4.20368966e+01
 1.41455015e+00 5.05529246e+00 3.40318356e+01 8.75098555e-01
 5.93971260e+00 6.12127923e+00 2.47545024e+01 6.10544420e+00
 1.34108068e+01 1.03931655e+01 8.29311331e+00 3.04878115e-01
 1.39974772e+01 2.00406924e+01 1.00664950e+01 1.08750993e+01
 3.85390413e+00 1.97899767e+01 7.52865827e+00 1.49924032e+00
 1.86169513e+01 6.84122863e+01 1.99820457e+01 1.07904417e+01
 3.29002103e+01 1.28348262e+01 2.24543814e+00 1.98579706e+01
 5.10537460e+00 4.01387089e+00 3.01567600e+00 3.20477064e+00
 4.40598260e+00 5.37363779e-01 1.34895391e+01 2.93846119e+01
 1.88360722e+00 2.87772229e+01 1.07017513e+00 7.59153392e+00
 1.39435845e+01 7.77921470e-01 3.61284928e+00 3.67514164e+00
 1.94840321e+01 2.00192546e+00 1.03851486e+01 2.15483888e+01
 1.39411963e+00 9.36791791e+00 2.47273545e+01 2.00045046e+01
 5.17959038e+00 9.66103423e+00 5.80994764e+00 6.74650224e+00
 9.46391083e+00 1.56822004e+01 1.46993310e+01 3.58669046e+00
 2.17939616e+01 2.50965661e+01 2.39537024e+01 9.16043305e+00
 2.01542340e+00 3.22560514e+01 1.70100278e+01 1.71503062e+01
 2.71491268e+01 3.95007525e+00 7.61131356e+00 3.17452998e+00
 4.23474537e-01 1.16816728e+01 4.23232418e+00 7.10075187e+00
 1.30712011e+01 5.30822749e+00 2.03947317e+00 3.35179388e+00
 4.04983711e+00 2.78400140e+01 1.33920563e+01 9.88348733e+00