4.29715366e+00 3.20760166e+00 5.94582243e+00 2.82142474e+01
 7.54533389e+00 1.72966541e+01 2.27649924e+00 3.75461272e+00
 2.35474377e+01 1.13628220e+01 8.06781360e+00 1.46358113e+01
 2.55533535e+01 1.12257971e+01 2.25940612e+01 2.44461651e+01
 6.15097184e+00 3.28285484e+01 1.77636165e+00 2.75707933e+00
 1.29527758e+01 3.88184249e+01 1.25504177e+01 4.35686034e+01
 3.01564852e+00 1.19977493e+01 3.57365054e+00 1.67679790e+01
 1.58170608e+01 8.73289616e+00 2.70646843e+00 1.48426370e+00
 3.77612915e+01 2.02376922e+01 2.67372142e+01 1.96089179e+01
 4.76591021e-01 8.89557618e+00 3.03833792e+00 5.03466347e-01
 3.48885987e+01 1.36257683e+01 4.60704807e+01 2.46135595e+00
 1.35743907e+00 7.57565361e+00 1.41869911e+01 3.60584026e+01
 4.14310073e+00 8.02106979e+00 6.24162494e+00 3.06603845e+01
 1.16583503e+00 7.27468768e+00 1.80617710e+01 1.55655224e+01
 3.27591760e+00 3.85303300e+00 1.22859735e+01 2.01428854e+01
 1.78534820e+00 2.11259550e+01 7.06891044e-01 3.69861940e-01
 1.73473741e+01 5.23137336e+00 2.76454431e+00 1.49624769e+01
 1.31579028e+01 6.06353478e-01 6.03864230e+00 1.05208268e+00
 9.03532402e+00 2.36570583e+01 3.36649810e+01 1.18035216e+01
 2.72268793e+01 1.46263883e+01 3.10006533e+01 8.66362054e+00
 4.23998765e+00 4.00559540e+01 1.04489127e+01 1.78841137e+00
 8.55827237e+00 5.22266153e+00 7.18571903e+00 1.65519388e+01
 5.12206610e-01 2.36837892e+00 8.93879422e-01 1.91504957e-01
 8.51900966e+00 1.55474379e+01 2.41020318e+00 6.43984024e+00
 8.21291271e+00 2.30771925e+00 1.14152713e+01 7.63859204e+00
 8.53107249e+00 6.24676532e+00 2.05405387e+01 1.30563510e+01
 3.91280723e+01 4.22072490e+00 4.30317952e+00 1.15980911e+01
 1.00034273e+01 9.97230072e+00 9.35637398e+00 1.87637200e+00
 3.64548030e+00 8.00339555e+00 8.55605954e-01 2.99216808e+01
 8.39240700e+00 7.85502827e+00 2.98573421e+01 3.90462849e+00
 1.15371845e+01 1.46982222e+00 4.12784938e+00 3.62514514e+00
 2.70869953e+01 2.87683015e+01 2.19393744e+01 1.55483861e+00
 7.75145485e-01 7.72244865e+00 2.14352212e+01 8.85839943e+00
 7.36239288e-01 6.82423958e+00 3.91437826e+00 7.08296776e+00
 1.72061475e+01 7.99744548e+00 4.37591804e+00 6.83963839e+00
 8.38818640e+00 2.73671467e+00 3.44724921e+00 2.13318540e+00
 4.23553766e+00 8.85038332e-01 1.38160201e+00 1.84672183e+01
 2.26598861e+01 2.13125998e+00 3.07158125e+00 3.69739916e+01
 2.80465232e+01 2.73685264e+00 1.51317038e+01 1.74477543e+01
 1.01243398e+01 1.65568294e+01 1.46365787e+00 2.01077064e+01
 1.50610143e+01 1.84489014e+01 9.16741776e+00 3.98141450e+00
 1.02774295e+01 4.03430229e+01 8.33150372e+00 1.51330791e+00
 3.24361713e+01 1.40903018e+00 3.21568189e+01 5.49694359e+00
 5.01155239e+00 8.09674253e+00 3.69347712e+00 9.45266774e+00
 3.97390207e+00 1.46622155e+01 1.27691126e+01 3.47608571e+00
 1.28375359e+00 3.56331665e+00 1.48425443e+01 2.68232559e+00
 3.84568682e+01 1.52094772e+01 9.04475325e-01 4.93502375e+00
 1.06622118e+01 2.93647811e+00 2.31185229e+00 4.14215022e-01
 1.72146688e+01 3.10361305e+01 8.77168030e+00 2.23422557e+01
 8.47728569e+00 1.39616128e+00 5.19963570e+00 1.08477565e+00
 1.43881038e+01 1.45488357e+01 4.39040544e-01 1.45038937e+00
 5.70849310e+00 4.16173724e+00 5.60932611e+00 1.23160198e+01
 8.15363074e+00 1.23068898e+01 1.35015523e+01 2.48898505e+00
 4.39671710e+00 4.36060384e-01 1.49656991e-01 8.76151038e-01
 8.38457657e+00 1.65666073e+01 5.16762989e+00 1.50050387e+01
 1.96381849e+00 1.52036124e+01 1.08221258e+00 1.41192211e+01
 8.76536147e+00 2.03727501e+01 5.04955684e+00 1.50311115e+01
 9.27601591e+00 5.28588098e+00 4.91347753e-02 2.26584417e+01
 3.59866663e+00 2.97388971e+01 6.21860873e+00 6.90577903e+00
 4.59153290e-01 1.77079001e+01 8.63506025e-01 3.92808435e-01
 3.32844453e+01 1.00364483e+01 1.09450161e+01 3.08876660e+00
 5.72794453e+00 1.15389258e+00 2.88177246e-01 7.90129053e+00
 3.21408308e+01 6.48256036e+00 1.06781002e+01 5.62930947e+00
 6.89607949e+00 6.04623803e+00 3.80013012e+00 1.09117803e-01
 1.89096718e+00 1.59387869e+01 1.97315516e+01 1.85735053e+01
 2.00007677e+01 3.63654676e-01 2.18301276e+01 7.73213539e+00
 5.32615475e+00 9.25262217e+00 8.33805995e+00 1.11786914e+01
 2.44593902e+01 1.67502364e+00 3.28943381e+00 1.41678805e+01
 4.73872367e+00 7.80830633e-01 1.35101322e+01 2.86209669e+00
 3.23628540e+00 2.90154470e+00 3.31823678e+01 1.38647286e+01
 2.87449341e+00 1.27397978e+01 4.61480918e+00 1.36229642e+01
 4.60960932e-01 1.58581159e+01 7.74275512e-01 1.79923109e+01
 1.16631994e-01 1.51266255e+01 5.38695970e+00 6.71082185e-01
 1.55739108e+01 1.74774211e+01 6.34157852e+00 2.11553662e+01
 1.61675497e+01 2.04077677e+01 2.56755407e+01 3.12340596e+00
 1.90622490e+00 2.12047389e+00 1.56423998e+01 2.38288791e+01
 1.69392343e+00 6.04873752e+00 3.69945158e+01 2.98920813e+01
 5.32185516e+00 1.78631803e+00 1.65999150e+00 1.15337150e+00
 1.51976428e+00 7.07512403e+00 5.67093781e-02 2.05102809e+00
 2.89933869e+00 6.83712035e+00 4.08132218e+00 4.14393093e+00
 2.32458610e+01 1.60632443e+01 1.50071122e+01 4.44887015e-01
 4.18377424e+00 1.61861171e+01 6.50024849e+00 7.33993815e-01
 1.07335812e+01 1.99839617e+01 3.55924713e+00 2.70241367e+00
 2.39614791e+00 1.00544668e+01 1.77292801e+01 5.33327494e+01
 2.17552429e+01 1.80634672e+00 1.81664241e+01 1.09201725e+01
 1.85723582e+01 1.30975027e+01 1.95274468e+00 2.56888149e+01
 1.27911003e+01 4.88767088e+00 9.67807605e+00 5.85871289e+01
 1.28487875e+01 3.56615779e+00 3.91969834e-01 8.87970220e+00
 8.85513891e+00 1.35897962e+01 7.79697094e+00 1.04727435e+01
 2.20838825e+01 1.69582372e+00 4.94571193e+01 2.25676788e+01
 5.63348946e+00 3.13280060e+01 1.85323411e+01 4.39957977e+00
 9.49679355e+00 3.41817994e+01 1.39844005e+01 1.21570011e+01
 4.27313354e+00 2.80009930e+00 5.33324900e+00 8.45238916e-01
 3.76646633e+00 1.35171243e+01 2.45199427e+01 2.50724664e+01
 3.37240343e-01 1.16574290e+01 1.57966462e+01 2.55082326e+01
 1.61344748e+01 1.00563440e+01 7.05704569e+00 5.00427792e+00
 5.38012106e+00 3.28129651e+01 3.38752760e+01 7.16973745e+00
 4.03216833e-01 1.41132949e+01 1.97578087e+01 2.00796116e+01
 2.05176500e+00 2.33351553e+01 7.88679970e+00 4.45595009e+00
 2.06421686e+00 5.29910952e+00 3.67217927e+00 5.57502858e+00
 9.30239114e+00 9.64946185e+00 1.13262017e+01 3.92184468e+00
 3.73328285e+00 2.21470714e+01 4.16379495e+00 9.34088408e-01
 2.94642056e+01 1.74553531e+01 7.64682678e+00 1.42260165e+01
 4.45220728e+00 1.01225696e+01 5.85183426e+00 6.12161899e+00
 4.38681658e+00 1.71880712e+01 1.33568862e+00 5.94863225e+00
 1.40754041e+01 3.47955436e+01 1.61397780e+01 3.70743904e+00
 1.40171714e+01 3.20444221e+01 3.49880870e+00 6.21786483e-01
 3.27431900e+01 1.20026316e+01 1.08935776e+01 2.18804678e+00
 9.45078862e+00 1.14738281e+01 2.35235861e+01 3.52361711e+01
 7.41965758e+00 2.15086726e+00 3.24945518e+00 2.93256197e+01
 2.38854688e+01 1.32389752e+00 1.66563044e+00 1.41918256e+01
 6.18179154e+00 2.54539213e-01 1.76451607e+01 5.73082356e+00
 1.47203390e+01 8.35721964e+00 1.79516972e+00 1.34927952e+01
 2.26417614e+01 4.43445366e+00 7.20132441e-01 8.14040578e+00
 6.41872705e+01 7.80986996e+00 2.45644727e+01 1.32233050e+01
 2.85874901e+01 8.28832683e+00 4.98057492e+00 3.73554917e+00
 2.32587413e+01 1.10589164e+01 4.26054175e+00 3.43556820e+01
 8.80364712e+00 6.76598502e+00 1.37572208e+00 6.55134686e-01
 2.35539683e+01 2.05314251e+01 2.96226123e+00 3.55017459e+00
 2.37931442e+01 1.77216345e+01 1.89818352e+01 2.90089659e+00
 3.33758136e-01 7.45708852e+00 5.80395016e+00 1.67792899e+01
 7.56821219e+00 2.28361407e+00 1.92226001e+00 2.69010044e+01
 2.07145633e+00 6.34109736e+00 1.72412313e+01 7.88236766e+00
 2.91823349e+00 2.48545896e+00 1.75199062e+01 1.83823773e+01
 9.52788944e+00 8.31056947e-01 1.74119867e+01 2.75022125e+01
 1.96103117e+01 5.67949841e+00 4.89046647e+01 2.04451640e+01
 1.12935426e+01 4.43219201e+00 1.47390639e+01 4.85375927e-01
 2.00180836e+01 2.55436537e+01 2.76878520e+00 3.04117589e+00
 9.81833574e+00 1.41841217e+01 2.25321243e+01 1.26126970e+01
 1.01156191e+01 8.06635227e+00 5.74672035e+01 3.81862679e+00
 1.37318767e+01 1.50133541e+00 9.29644892e+00 3.31032373e+00
 1.29805434e+00 3.64429040e+00 9.12575684e+00 4.75078602e+00
 2.59470665e+01 1.89159805e+00 1.69779849e+00 5.32918703e+00
 7.08987178e+00 7.95196463e+00 2.74122643e+00 2.78735712e+00
 3.83446118e+00 2.38684463e+01 2.36951615e+01 4.42684122e+00
 3.37348131e+00 2.00833549e+01 1.34219911e+01 2.65379770e+01
 4.50277119e+01 2.47905560e+00 8.65273547e-01 2.17668612e+00
 1.17723958e+01 2.54196933e+00 7.55501987e-01 1.06398072e+01
 2.80514265e+01 2.92547128e+00 7.45580094e+00 2.97200105e+01
 1.56291357e+00 1.17628899e+01 7.73966721e+00 6.11765588e-01
 1.99208706e+01 4.85770340e+00 1.30027813e+01 9.06644569e+00
 4.47628475e+01 1.35179467e+00 1.81041567e+01 1.07207685e+01
 5.27558950e+00 9.49464531e-01 3.70867189e+00 1.25729010e+01
 1.69438711e+01 5.54633333e+00 1.61234156e+01 3.74623117e+01
 5.42190901e+00 6.27012819e+00 1.29041645e+01 2.35687533e+00
 1.20982291e+00 1.80150075e+00 2.95656410e+01 1.80271163e+01
 1.83491029e+01 6.84683134e+00 8.29293468e-01 9.26996045e+00
 1.24897024e+01 1.06058846e+01 3.56165254e+01 3.11394568e+00
 8.14464676e+00 3.50703362e+00 9.66660220e+00 8.75002890e+00
 1.46833683e+01 5.45133223e+00 3.25157258e+00 8.77907609e+00
 3.87792889e+01 3.09417354e+00 7.34662041e+00 2.32650241e+01
 1.78287916e+00 7.42855354e+00 4.23282835e+00 4.10256341e+00
 3.12323567e+00 5.00615129e+00 1.54270815e+01 1.99191440e+01
 5.94935057e+00 9.71835653e-01 1.60227091e+01 2.64884331e+00
 1.06449275e+01 1.54744169e+01 2.98511473e+00 5.24509805e-01
 1.25692008e+01 8.40306070e+00 4.21610784e+00 1.12695968e+01
 2.16100014e+00 1.12185205e+01 1.22445927e+01 2.04080528e+00
 1.60845267e+01 4.42167088e-01 1.77063201e+01 4.16942102e+01
 1.31960188e+01 6.27106475e+00 7.87342961e-01 1.90259313e-01
 5.82104595e+00 9.96548745e-01 1.97587389e+01 8.20080737e+00
 1.52174918e+01 1.09299567e+01 1.34905935e+01 4.31358953e+00
 9.65494504e+00 2.03195355e+01 2.05927977e+00 9.06471467e+00
 8.29978070e+00 3.29517638e+01 6.57370548e+00 1.45682622e+01
 1.20215860e+01 1.10525232e+01 6.57659685e+00 2.04463845e+01
 1.74387670e+01 1.43717969e+01 1.94560723e+00 4.58105054e+01
 1.93184858e+01 3.80195427e-01 3.46970433e-01 5.43760281e+00
 6.95891589e+00 5.67536616e+00 2.16984921e+01 1.39186791e+01
 3.48004288e+00 2.07529409e+01 1.80415423e+01 1.12350024e+01
 3.38785636e+01 9.56117424e+00 5.58592459e+00 8.43010347e-01
 4.85221080e-01 1.08768826e+01 4.83676771e+00 9.79675491e+00
 4.10213924e+00 1.63581466e+01 2.32976703e+00 5.25633249e+00
 1.43168493e+01 9.71436767e+00 6.49526674e+00 4.67068246e+00
 7.43860432e+00 7.86290310e+00 8.51358390e+00 8.98320630e+00
 4.03656286e+00 1.09789338e+01 2.10706919e+00 1.40136245e+01
 3.47903313e+01 2.87589668e+01 1.23122113e+00 8.97437284e+00
 1.18231269e+01 3.42856134e+00 3.25574112e+00 4.61404453e+00
 6.34938038e+00 8.39111091e+00 9.10420444e+00 1.09822692e+01
 2.04382408e+01 6.17086130e+00 7.64600563e+00 1.12450693e+01
 3.35391144e-01 2.71770289e-01 2.42898078e+00 1.33608470e+01
 1.88115188e+00 1.45709163e+00 1.74543577e+00 1.82188673e+01
 2.72157898e+01 2.53954814e+00 2.24953444e+00 3.25061531e+00
 1.26998274e+01 1.08475572e+00 1.29450575e+01 1.08326052e+01
 1.68284813e+00 3.62659012e+01 5.13700684e+00 1.01076426e+01
 2.48582247e+00 2.38017287e+00 8.83606957e+00 1.82084839e+01
 1.22531876e+01 5.93454020e+00 2.99550823e+00 3.89669267e+00
 1.31326186e+01 1.49759051e+01 1.11369374e+01 3.96390039e+01
 5.02710265e-01 3.07755754e+01 1.55548523e+01 4.66888427e+00
 4.23939541e+00 2.85542876e-02 6.98159907e+00 1.13359495e+01
 4.25754680e-01 5.28719230e+00 1.13416500e+01 6.01399618e+00
 1.96839453e+01 5.15332639e+00 2.34104404e+00 1.01564435e+01
 2.92461256e+01 1.76118547e+01 1.92520495e+01 9.83172181e+00
 1.39931297e+01 1.79888275e+01 2.15653162e+01 2.23851793e+01
 4.34764816e+01 2.70493192e+00 1.20628497e+01 5.98114161e+00
 1.41529714e+01 1.15515344e+01 3.30651512e+01 1.21477688e+01
 1.53204019e+01 7.83321301e+00 2.52799093e+01 2.96585428e+00
 2.05614867e+01 7.87269255e+00 2.28217895e+01 5.43872421e+00
 1.19676166e+01 1.54562221e+01 6.28852407e-01 5.60988628e+00
 1.73468153e+01 6.17157630e+00 4.66652908e+00 7.99304606e+01
 1.41757911e+00 4.48716974e+00 1.11388553e+01 2.57233182e+01
 9.04253305e+00 2.87010657e+01 1.73925728e+01 1.28853511e+00
 1.40571346e+01 1.26999892e+01 1.04493818e+01 1.69648977e+00
 6.34225783e+00 7.88548666e+00 7.12827053e+00 1.06966568e+01
 1.43052581e+01 2.11049608e+00 5.61325709e+00 2.01492027e+01
 9.21905999e+00 2.58890085e+01 1.31829902e+01 1.27477033e+01
 1.45927308e+01 1.02909786e+01 8.84920034e+00 7.37960421e+00
 2.34163718e-01 2.23033825e+01 2.51999947e+00 2.49325399e+01
 2.53095524e+01 1.22221728e+01 1.47488928e+01 5.13908086e-01
 7.45739680e+00 4.30216689e+00 4.11780088e+00 4.51999278e+00
 4.72644186e+00 2.92367745e+00 5.15586802e+00 3.34259017e+01
 1.31553052e+00 1.04495477e+01 9.61009015e+00 2.45577614e+01
 4.86096677e+00 1.73342395e+01 1.05257680e+01 8.19286879e-01
 1.60164704e+00 1.18356264e+01 6.21355178e+00 1.22243865e+01
 1.81763834e+01 6.48494924e+00 1.71348188e+01 1.38157433e+01
 4.01611476e+00 2.15187994e+01 2.30660754e+01 1.34761188e+01
 3.10264387e+00 6.79783376e+00 6.53854133e+00 8.01729425e+00
 1.16581486e+01 1.06594859e+01 4.67267098e+00 3.09984354e+01
 4.91368514e+00 4.26819941e+00 3.08878732e+00 3.37674968e+01
 3.21522408e+01 7.42124533e+00 1.17357398e+01 1.35795202e+01
 1.23267547e+00 1.13540778e+00 4.50967432e+00 3.37045226e+00
 3.77349769e-02 1.09211038e+01 1.26471902e+01 6.07376765e+00
 2.29937771e+00 7.18518960e+00 8.74250564e-01 2.52604706e+01
 3.19911731e+00 2.04107993e+01 1.10738561e+01 5.77343411e+00
 6.90174802e+00 5.96617433e+00 1.63668838e+00 2.41612788e-01
 1.57842613e+00 7.81624324e-02 5.74508879e+00 7.69301767e+00
 2.16834892e+01 1.99998369e+01 1.13812745e+01 2.25542613e+01
 9.74841702e-01 8.48723350e+00 4.02319783e+00 1.00223744e+01
 2.18113137e+00 1.49910849e+01 1.53784823e+01 6.07101202e+00
 2.19555296e+01 1.15456295e+00 2.11532514e+01 1.00886928e+01
 1.99077413e+01 1.43639674e+01 5.07382120e+01 5.96768609e+00
 1.14472270e+01 2.33912252e+00 1.42744133e+01 2.06213602e-02
 6.45393775e+00 8.08623417e+00 1.93601644e+00 9.91420950e+00
 2.76337601e+00 1.99525721e+00 3.16288999e+00 1.27015176e+00
 1.84735875e+00 2.20015096e+01 7.42834476e+00 1.02746585e+01
 1.38492553e+01 1.36732295e+01 7.41133304e-01 3.99288925e-01
 4.02545201e+00 2.81146653e+01 4.38919887e+00 1.85651823e+01
 1.82013103e+01 4.01290243e+00 5.40670793e+00 1.99997421e-01
 4.45206912e+00 3.81419517e+01 2.84657886e+01 4.13076650e+01
 1.14760503e+00 1.38667379e-01 9.87830838e+00 5.11884166e+00
 7.75210556e+00 4.14970420e+00 8.79388898e+00 1.90550072e+00
 5.03335409e+00 2.78425174e+01 7.87150425e+00 2.43062903e+00
 7.30165423e+00 4.45566457e+00 1.14333879e+01 3.38054631e+01
 6.48024464e+00 1.31839293e+01 3.70843199e+00 1.42290026e+01
 2.17102010e+01 5.93749450e+00 3.75684694e+00 1.15331121e+00
 2.33256844e+01 6.45097400e-01 1.14641355e+01 4.61619210e+00
 1.45904285e+00 1.79374490e+01 7.96536181e+00 1.94494904e+00
 1.83448660e+01 2.25098409e+00 3.31692448e+00 6.81190663e+00
 5.11742037e+00 8.39352944e+00 1.18516152e+01 2.05449273e+01
 2.18626181e+00 2.77182953e+01 1.65193036e+01 9.31641031e+00
 5.48361510e+00 3.72744731e+01 1.41866409e+01 1.44803785e+00
 1.27671565e+01 1.57686023e+01 1.43974656e+00 6.67803797e+00