3.59150955e+01 1.06209533e+01 3.34167894e+00 2.87111580e+00
 5.33686602e+00 1.06695445e+01 3.03085486e-01 8.39691332e+00
 1.67174025e+01 2.07907990e+01 6.83985046e+00 5.37234567e+01
 1.95184624e+01 8.51851729e+00 1.28496568e+01 5.98326003e+00
 3.75188520e+00 6.93705651e+00 3.40942421e+00 1.55911252e+01
 1.68651820e+01 1.70198475e+01 8.96747246e+00 1.12051152e+01
 6.74105765e+00 3.29137776e+01 2.05892784e+01 3.52040949e+01
 1.55000617e+01 2.73759908e+00 7.50974187e+00 1.35247353e+00
 2.22391985e+01 1.81059333e+01 1.49108107e+01 7.82446018e-01
 6.55025164e+01 5.78256748e+01 1.28989089e-01 7.12876068e+00
 3.92582525e+01 6.28290008e-01 1.09316746e+01 2.19621490e+01
 8.01250157e+00 1.31373165e+01 6.59556567e+00 3.17458398e+01
 3.15836792e+00 2.22287338e+00 2.14099858e+01 3.44579525e+00
 7.12658651e+00 1.83933372e+01 8.88281218e+00 4.72696083e+00
 2.38099339e+01 4.64163876e+01 6.56982914e+00 5.82586543e+00
 1.58440007e+01 1.36903195e+02 4.79737095e+01 2.87963754e+01
 1.54609705e+00 2.84075368e+01 1.12265604e+00 4.31038491e+00
 2.75568419e+01 6.61856368e+01 1.93859102e+01 5.46519693e+00
 6.70376269e+00 2.94475575e+01 8.98973445e-01 1.21953705e+01
 4.23317771e+01 1.17426811e+01 7.44699745e+00 9.65443530e+00
 7.34558370e-01 1.82823196e+01 6.69558277e+00 3.77335649e+01
 8.10254177e-01 3.52234561e+01 4.14438507e+00 1.99164868e+01
 7.77505418e+01 7.18779489e-01 5.06426999e+00 3.35182502e+01
 5.75186833e+01 1.27272709e+01 1.44252203e+01 2.58072500e+01
 1.63357399e+00 1.10767211e+01 7.17494011e+00 6.88799019e+01
 3.54977580e+01 7.44018203e+01 1.85608650e+00 3.70415575e+00
 1.11503129e+01 3.73077364e+01 3.62135213e+00 1.03968385e+01
 5.07026647e+00 4.61949061e+00 8.13241097e+00 1.19846091e+01
 6.96817722e+00 3.62788417e+01 3.62113870e+00 2.90649542e+01
 1.01671433e+01 2.41826756e+01 2.26530695e+01 8.26070796e+00
 4.08572762e+01 4.60553351e+01 2.45748414e-01 1.86432777e-01
 1.12340538e+01 1.96163836e+00 1.13717528e+01 2.92671997e-01
 6.43176174e+00 1.42986321e+00 6.96310028e+00 9.14536856e+00
 1.65768578e+00 2.71229322e-01 5.11607564e+01 2.68732167e+00
 4.10744180e+00 8.05623136e+00 3.84838530e+01 1.46151664e+01
 3.81753417e+01 1.55969500e+01 2.33875722e+01 1.96757503e+00
 1.08484236e+01 4.96098107e+00 7.29178020e+00 3.07824283e+01
 1.37225134e+01 6.23917636e+01 4.42535038e+01 1.23387664e+01
 1.13050935e+01 7.10441903e+01 6.19712005e+00 3.09749990e+01
 3.81241816e+00 1.09824947e+01 2.24245518e+00 2.04606275e+01
 3.09117471e+01 2.86123184e+01 1.10286839e+01 7.89498351e+00
 4.70450509e+01 1.96258767e+00 7.58170563e+00 3.11190113e+00
 4.70142129e+00 5.32406585e+01 4.05087107e+01 6.19577035e+01
 2.80839959e+01 4.06718888e+00 1.10370307e+01 5.37615798e+00
 1.26793659e+01 1.64284029e+01 1.13807175e+00 9.11470108e+00
 5.54422809e+00 1.43361674e+01 9.48530067e+00 3.11810635e+01
 8.32402700e+00 1.03636440e+01 1.12875817e+01 1.06205183e+01
 1.20718768e+01 6.95532029e+00 4.47696796e+00 2.63499096e+01
 4.70862713e+00 1.47032778e+01 2.64554757e+00 2.00096134e+01
 1.48108820e+01 3.11146782e+01 1.31433417e+01 2.58099031e+01
 3.34564671e+01 1.37273732e+01 1.12848987e+00 3.22641653e-01
 3.77515423e+01 5.28718635e-01 3.09345443e+01 3.01945859e+01
 2.41874142e-01 9.99691808e+00 6.55578326e+00 1.48882520e+01
 4.49756504e+01 6.79168851e+00 4.56605159e-01 2.77102206e+00
 1.14432912e+01 4.45522464e+00 1.89265800e+01 1.21989078e+00
 2.42522137e+01 4.36685673e+01 7.46402294e+01 4.08490707e+01
 6.80403150e+01 4.22411652e+00 4.44049735e+00 4.81073649e+00
 3.87165936e+00 3.36124310e+00 1.44866819e+01 5.48471578e+01
 9.11576864e+00 7.49140865e+00 6.76052683e+01 1.14652214e+01
 3.02162891e+00 8.17465495e+00 1.31559464e+01 1.74955169e+01
 1.65294003e+00 4.12486587e+01 9.99566851e+00 2.12901857e+01
 8.68982022e+00 6.55828154e+00 2.04245448e+00 3.56741546e+00
 1.04821019e+01 9.98778414e+00 9.42775924e+00 1.49172248e+01
 2.68436432e+01 1.59467249e+01 3.36349661e+01 7.62673693e+00
 4.98345305e+01 2.63327093e+01 1.94088691e+01 1.73457438e+01
 1.56260541e+01 1.03180921e+02 5.87321345e+00 1.56453208e+01
 1.09828119e+01 6.12956229e+01 2.06200103e+00 9.60755458e+00
 7.36094928e+01 1.01484467e+01 6.53113384e+00 1.09370088e+01
 3.73973879e+01 5.74335878e-01 6.43526095e+01 8.98998568e+00
 2.63892037e+01 2.28738811e+01 2.02619245e+01 1.70267611e+00
 8.81656455e+00 9.38927900e+00 6.69609826e+00 6.11256920e+01
 4.75992975e+00 1.12178460e+01 7.71864878e+01 4.42373710e+01
 3.28640631e+00 4.15077907e+01 3.52763273e+00 1.18130148e+01
 1.44312723e+01 1.27611908e+01 2.06256382e+00 6.65627330e+00
 1.24433227e+00 7.05441455e+00 4.05365478e+01 1.65573250e+00
 3.91567718e+00 9.32552336e-01 5.43788874e+01 4.16223331e+00
 1.30325703e+01 2.72213773e+01 6.46102095e+00 2.43622664e+01
 5.94636608e-01 3.54667828e+01 4.70050290e+01 1.01633912e+01
 3.91082154e+01 7.14071061e-01 2.05948785e+01 2.38524905e+01
 1.47424821e+01 3.98390478e+00 3.98784659e+00 1.77692396e+00
 2.80188489e+01 4.55382395e+00 5.48030194e+00 4.53092418e+00
 4.53167204e-01 1.48752164e+01 2.39700423e+01 3.01705626e+00
 8.74365130e+00 7.50701786e+01 8.32357331e+00 1.23711438e+01
 1.32597321e+01 8.99348864e+00 2.99996978e+01 2.40614713e+01
 1.56500025e+01 2.57987826e+01 1.48183039e+01 3.07868020e+00
 1.85407978e+00 1.31554892e+01 5.73055983e+01 1.56736898e+00
 1.47422991e+01 3.00670617e+01 4.93715989e+00 5.86794217e+00
 1.29119932e+01 4.70297781e+00 6.54344332e+01 6.45023048e+01
 2.41033744e+01 9.79516752e+01 3.91085290e+01 6.43702658e+00
 6.43817701e+00 2.60970008e+01 5.56724249e+00 7.48039386e+00
 6.05148519e+01 3.42333803e+01 8.86583056e+00 2.04703096e+01
 5.45444166e+01 3.49536586e+01 2.37263289e+00 3.17709806e+01
 1.02859963e+01 1.35152852e+01 9.86107508e+00 4.10705507e+00
 9.22137348e-01 7.68768689e+00 1.35450172e+01 1.87884546e+01
 3.35900206e+01 2.21617918e+01 3.41140576e+00 3.55990101e+00
 5.14378722e+01 4.38922131e+01 1.83490278e+01 1.59191457e+01
 3.00560418e+00 3.34772160e+01 1.70156903e+01 4.08927763e+00
 2.58245752e+01 7.44444475e+00 6.81414626e+00 2.68505256e+01
 1.01669434e+01 1.93939701e+01 1.04786024e+01 2.43135202e+01
 3.98572766e+01 1.21997776e+01 2.10689996e+01 4.05585784e+00
 5.79274770e+00 3.13071187e+01 7.18021034e-01 2.73885885e-01
 1.19386410e+00 1.44651822e+01 6.26096390e+00 1.51307988e+01
 2.50025104e+01 1.52502614e+01 4.99468719e+00 1.70282332e-01
 2.34711027e+01 6.35698840e+00 1.92486913e+01 1.98180183e+01
 1.11280714e+01 5.74468005e+00 3.18898770e+01 1.91522337e+01
 2.81924682e+01 1.38346978e+01 4.15759141e+00 1.25548829e+01
 9.86150322e-01 1.19037538e+00 1.60314182e+01 3.85958281e+01
 6.46038400e+01 2.81135477e+01 1.27173639e+01 3.21913370e+01
 3.67370491e+01 6.92179421e+00 4.44965522e+01 3.60386325e+00
 1.24483807e+01 5.55814015e+00 8.91488995e-01 2.49341638e+01
 5.47771971e+00 5.88749199e+01 6.05681698e+01 4.20522356e+00
 3.10120937e+00 1.01275278e+01 6.07765155e+00 1.96059942e+01
 3.43104801e+01 1.57021822e+01 1.77627049e+00 3.56251649e+01
 2.39043813e+00 4.87853338e+00 3.41592171e+01 2.17410037e+01
 5.97797442e+00 2.98560653e+01 2.53327290e+01 3.47299116e+01
 5.61756140e+00 4.28300611e-01 2.30492008e+00 1.31100884e+01
 1.00819663e+01 1.89396109e+01 6.75566081e+00 2.43710507e+01
 1.29022467e+01 2.60915001e+01 9.60380323e+00 9.22392664e-03
 1.49877243e+00 5.03100346e+01 2.55363676e+00 1.75324595e+00
 8.18115020e+00 2.82795197e+01 1.72666781e+01 4.40961039e+00
 5.39118518e+00 1.68422889e+01 2.21676604e+01 1.05626154e+01
 3.37611421e+01 1.26588467e+00 1.15682640e+01 7.12580972e+00
 5.69911729e+00 1.00710762e+01 2.58380210e+01 1.05292029e+01
 3.29458400e+01 2.90039805e+00 2.35174372e+00 2.88169216e+01
 3.36555740e+01 1.55082117e+01 1.70309850e+00 6.89345837e-01
 1.01665622e+01 1.75463249e+01 9.46546448e+00 3.71815672e+00
 4.03908024e+01 7.14504580e-01 1.68815663e+01 7.08498698e+01
 1.21740067e+01 2.92258059e+00 2.85853046e+01 1.75080212e+00
 8.18464609e+00 3.88264451e+01 2.37180067e+00 2.08868416e+01
 3.93524163e+01 1.56419794e+00 5.75154403e+01 3.67203216e-01
 2.18970650e+01 4.03495735e+00 6.98973336e+00 1.15902613e+01
 1.44858775e+01 2.09568387e+01 6.66191119e+00 6.79333373e+00
 1.94444961e+01 1.25484246e+00 4.28362904e+01 8.06356671e+00
 4.78064164e+01 1.01983950e+01 5.78868026e-01 3.08886185e+01
 2.74661945e+01 2.93106624e+01 3.59023234e+00 2.63849256e+01
 2.94965962e+01 4.05886275e+01 8.43473180e+00 2.70571075e+01
 2.15325596e+01 1.44500358e+01 6.30936888e+00 1.44101404e+00
 6.90125460e+01 2.16846464e+01 3.30243973e+01 2.58029634e+00
 5.50124424e+00 4.21505042e+01 3.16205113e+01 2.60686894e+01
 2.28560124e+01 1.98270661e+01 1.35611448e+01 3.03169666e+01
 6.08230686e+00 7.33807060e+00 3.44141900e+01 2.62497959e+01
 1.46547526e+01 3.65721010e+00 1.86572468e+01 5.50612921e+00
 1.71702513e+01 6.18296494e+00 1.49591960e+01 1.63312651e+01
 2.39992344e+01 1.93122062e+01 4.25827009e+01 1.87311286e+01
 2.42068138e+01 8.20670490e+01 1.76361302e+01 4.96297896e+00
 8.67137870e+00 7.82926609e+00 3.01044497e+01 2.46895475e+00
 7.33825662e+00 3.49083168e+00 7.07882852e+00 7.71900182e-02
 1.34731202e+00 8.34553156e+00 1.10648316e+01 5.94046797e+00
 7.03644439e-02 3.93801142e+01 2.47744443e+00 2.08112138e+01
 3.36451905e+00 3.46538486e+00 1.81771543e+01 1.00161294e+01
 3.13347934e+01 2.04172571e+01 1.69677419e+00 6.20207234e+00
 9.04384827e+00 6.33056221e+00 4.03442519e+00 2.42391426e+01
 3.19140374e+01 7.10870687e+00 1.69100915e+00 8.80898635e+00
 5.15679243e-01 8.37602000e-01 2.60574181e+01 7.42152323e+00
 1.18450123e+01 2.39711458e+01 1.44835078e+01 1.33673336e+01
 1.19422100e+01 1.70179182e+01 1.61723502e+01 3.45728763e+01
 2.51588838e+00 5.00989000e+00 2.25614053e+00 2.13852244e+01
 6.05498455e+00 5.87098351e+00 1.41580400e+01 8.23208672e+00
 9.78566858e+00 2.56419181e+01 1.39587494e+00 3.89345980e+01
 7.51173640e+00 4.32197103e+01 9.93274600e+00 2.15667934e+01
 1.34562301e+00 3.45634043e+01 5.93650949e+00 2.99849355e+01
 1.95378778e+01 9.69095979e+00 1.82634137e+01 4.10785905e+00
 4.99205427e+00 2.07463498e+01 8.20312077e+00 5.65929125e+00
 6.76720740e+00 4.03821802e+00 1.75325263e+00 9.18265949e-01
 1.06886760e+02 2.20272327e+01 1.17722151e+01 1.01556990e+01
 2.51605965e+00 1.53813759e+01 2.82169969e+01 4.49962026e+01
 1.86735224e+01 4.78080000e+01 1.76472987e+01 4.11093429e+01
 9.70587529e+00 2.26226256e+01 1.16929495e+01 1.96865791e+01
 2.44146278e+01 6.04841317e+00 1.18556046e+01 9.03344212e+00
 3.17686174e+01 6.74227418e+00 5.21419306e+00 6.79756600e+01
 1.05629864e+01 6.60161415e+00 4.29675730e+00 4.31651805e+01
 6.19846107e+00 1.71888904e+01 1.26583249e+01 3.00620653e+01
 1.83837094e+00 4.80833075e+00 1.95900550e+01 3.85318117e+00
 1.29696037e+00 7.95487604e+00 4.14854439e+00 3.11296055e+01
 1.67091943e+01 2.37169967e+01 7.29932132e+00 2.28880522e+00
 1.31050795e+01 6.44342968e-01 2.48167990e+01 1.24086041e+01
 7.54632307e+00 6.26845760e+00 6.87581430e+00 4.25336355e+00
 2.67334029e+01 9.61180992e+00 9.88352851e+00 1.13742332e+01
 1.97861498e+01 1.56708959e-01 1.99808222e+01 1.33995857e+01
 6.43268498e+01 5.37948282e+01 8.94100828e+00 7.00207676e+01
 8.63552833e+00 7.54224817e+00 2.33405187e+01 2.25442267e+01
 1.72749903e+01 8.71353824e+00 2.01200050e+01 3.04473736e+01
 3.71716437e+01 6.96115055e+00 3.06720971e+01 1.11112513e+01
 1.38725062e+01 4.97673763e+01 7.46332050e+00 1.32760983e+01
 2.01699267e+01 2.15593184e+01 1.23439683e+00 6.51076218e+00
 1.67155428e+00 2.94097003e+01 9.51712865e+00 1.44171752e+01
 3.77781941e+01 1.23472499e+01 2.88058030e+01 7.27351607e+00
 7.69784322e+00 1.59338607e+01 3.04731552e+00 2.10776441e+00
 3.14790960e+01 8.42850957e+00 4.93214255e+00 2.26296957e+01
 8.59403717e-01 3.27303013e+00 1.75143964e+01 2.44393744e+00
 7.88574780e+00 1.20845050e+00 8.36550530e+00 1.12695555e+01
 6.94703392e+00 1.34028170e+01 2.05683808e+01 4.94054880e+00
 1.16764983e+00 1.68084729e+01 1.40130842e+00 1.52819359e+01
 3.39069130e+01 9.85658658e-01 3.73072801e-01 2.12151817e+01
 1.13011623e+01 4.46057292e+00 5.05655092e+01 9.95785951e-01
 4.48088310e+00 1.15487039e+01 9.94901982e+00 9.22849827e+01
 4.01433006e+01 2.75972159e+01 1.82430560e+01 4.61130490e+00
 3.24821472e+00 1.80778372e+01 1.72292936e+01 2.07892560e+00
 2.98592745e+01 8.43124872e+00 1.51371890e+00 1.31005918e+00
 3.45593786e+00 8.86068030e+00 6.51809529e+00 1.59501348e+01
 6.88939604e+00 1.24346490e+00 7.46339173e+00 1.10081166e+01
 7.76754550e+00 3.53596661e+01 2.23179744e+01 3.23006047e+01
 1.61350305e+01 7.45157636e+00 1.46409272e+00 3.53695718e+01
 2.47211339e+00 1.81138031e+01 4.35273167e+00 1.21756194e+01
 6.31356823e+01 3.48837675e+01 5.47856806e+00 5.14433065e-01
 1.26911485e+00 3.60673448e+01 2.76233199e+01 1.15379540e+01
 6.18393872e+01 4.79603026e+00 1.31900207e+01 3.50472586e+01
 2.43345506e+01 7.98307569e+00 5.49011297e+00 5.25475443e+00
 9.70715028e+00 9.20896648e+00 1.17759284e+01 6.58452740e+01
 5.42318469e+01 1.73296019e+00 5.31708719e+01 2.66200302e+01
 2.06160455e+00 2.51250593e+01 6.06482228e+01 1.51327812e+00
 4.56585519e+01 1.04401143e+01 1.78863842e+01 1.18992849e+01
 3.87879056e+00 7.17980996e+01 1.12530970e+00 2.27701012e+01
 1.77437125e+01 9.21551665e+00 5.63216436e+01 2.72021138e+00
 1.23756135e+01 1.38017627e+01 2.26644409e+01 8.69870243e+00
 2.49705787e+00 1.99708966e+00 3.90623486e+00 1.51539787e+01
 2.43957047e+01 4.68619124e+00 3.13355984e+00 5.76737951e-01
 2.45195384e+01 1.04117245e+02 3.08346298e+00 1.92961150e+01
 2.15859403e+01 1.08213315e+01 2.12156291e+01 2.58354880e+00
 5.56338407e+00 2.12802182e+01 1.67675928e+01 1.98426253e+01
 1.64386935e-01 4.95165824e+01 1.00551105e+01 4.04277236e+01
 3.25644176e+00 4.26200997e+00 8.90097311e+00 4.89611216e+01
 1.89925237e+01 7.06332192e+01 4.08810083e+01 5.28373551e+00
 1.71662175e+01 1.70417923e+00 1.63930362e+01 5.70708908e+01
 1.07999447e+01 3.57399811e+00 1.20804472e+01 9.74944781e+00
 7.64566072e+00 1.35081076e+01 2.16299571e+01 5.90033030e+01
 1.79295626e+00 1.48651534e+00 9.55788024e+00 2.80691107e+01
 6.39266550e+00 1.91289421e+01 5.59988476e+00 4.72922974e+00
 8.79736773e+00 5.91613183e+00 1.70208858e+01 2.87627204e+01
 2.80134474e+01 4.13679986e+00 1.95764801e+00 7.68382732e+00
 8.94710414e+00 2.62333417e+01 7.74166332e-01 5.74440810e+00
 7.75538572e+00 4.44370522e+01 4.94663301e+00 2.75975059e+00
 1.74088025e+01 2.76391018e+00 1.91240060e+01 2.98545467e+00
 2.15909953e+01 4.15785146e+01 2.26678360e+01 2.20083029e+01
 4.20495215e+01 4.03553846e+00 1.22576923e+00 5.70291913e+00
 5.50911390e+01 7.43581299e+00 1.91565672e+00 6.03660080e+01
 8.56365138e+00 4.01308295e+01 2.26271171e+00 4.55400548e+01
 6.27447329e+00 9.22837190e+00 2.81323552e+00 3.87851602e+01
 6.65096691e+00 4.11730409e+00 7.78696462e+01 3.36579791e+01
 3.01240717e+01 3.46175701e+01 1.69209700e+01 6.84671075e+00
 3.27839460e+01 4.73899975e+01 1.29062545e+00 7.08997275e+00
 7.36680625e-01 2.50739119e+01 4.43691015e+01 3.99042100e+01
 5.13499050e+00 6.12318585e+00 3.83972741e+00 2.73420784e+01
 4.55828060e+01 3.88605567e+00 3.63114684e+01 5.33863708e+00
 1.52251583e+00 2.59090107e+01 2.37656688e+01 3.02185236e+01
 2.82440550e+01 3.15633505e+01 7.49246133e+00 5.52652270e+00
 3.80171766e+01 7.00031898e+00 1.87097715e+00 2.75634942e+01
 2.06029436e+01 3.61054452e+01 5.11853680e+01 4.33259896e+00
 3.19079389e+01 2.84650186e+00 2.73467325e+01 2.02252232e+01
 3.70587159e+00 3.67103604e+01 5.39222696e+00 5.27340510e+00