1.62244117e+01 1.43131137e+01 1.06871690e+01 1.24830005e+02
 5.68365116e-01 4.37444979e+00 1.95181181e+00 1.97863149e+01
 9.76631074e+00 1.38245535e+01 3.10531429e+00 1.78587347e+01
 3.38601996e+01 3.97132811e+00 7.62583844e-01 3.41261228e+01
 1.51548402e+01 3.06134143e+01 2.69821092e+01 5.96978353e+00
 1.78771295e+01 1.81864001e+01 5.34906503e+00 1.23097622e+01
 2.39070962e+01 8.24040438e+00 2.00963656e+01 3.48807184e+01
 1.96268640e+00 7.20522089e+01 8.63666721e+01 5.20240878e+00
 5.73028797e+01 5.26857201e+00 2.12596465e+00 2.03632341e-01
 5.74846796e+00 5.87553098e+00 1.19272371e+01 5.39531234e+01
 1.47356112e+01 1.68961043e+01 6.51380606e+00 2.10904349e+01
 2.83452423e+01 1.83613526e+01 6.34362702e+00 7.86194825e+01
 1.31203174e+01 3.44096072e+01 1.78945570e+01 9.39709440e+00
 2.08216999e+01 1.03822569e+01 1.02185180e+00 2.48235291e+00
 6.40013875e+00 3.48399896e+01 1.78423227e+01 1.80949856e+01
 5.53370264e+00 2.59089459e+01 2.03942155e+01 2.67092505e+01
 3.84547212e+01 5.40228706e+01 1.41961036e+01 1.89303172e+01
 2.94729765e+01 8.08464861e+00 5.65685487e-01 1.93767323e+01
 8.86313144e+00 1.12827602e+02 1.96843742e+01 2.22147012e+01
 4.21677745e+01 1.00385614e+01 2.25686366e+01 3.09301615e+01
 1.13026826e+02 3.35253010e+00 4.49252247e+00 1.65626446e+00
 4.12303406e+01 1.87914718e+01 7.86416338e+01 4.16666309e+00
 6.27138878e-01 1.85653765e+01 1.78777750e+01 4.02071992e+01
 1.05135058e+01 2.18564263e+01 3.07278012e+01 5.50431577e+01
 6.24345781e+00 1.08129614e+01 3.84012981e+01 2.82911444e+01
 1.55307703e+01 2.99530171e+01 6.85435484e+01 2.47242717e+01
 3.01749021e+01 3.35767302e+01 2.28010370e+01 1.09378940e+02
 3.64579028e+01 1.67028816e+00 5.17691571e+00 2.03026522e+01
 5.05250619e+00 3.64604836e+01 1.05484486e+01 1.15867721e+02
 1.07902395e+02 8.99560898e+00 2.45928537e+01 1.17311780e+01
 1.54895816e+01 8.81028046e-01 5.69264714e+00 3.09639757e+01
 1.31213960e+01 5.17598066e+00 3.12799920e+01 4.20774913e+01
 4.35463197e+01 4.56983833e+01 2.23296984e+01 3.29702982e+01
 4.21142289e+01 1.62271999e+00 3.45434502e+00 8.76135426e-01
 1.53588967e+01 8.17848447e+00 2.30486961e+01 1.03070667e+01
 9.38545629e+00 1.24084295e+01 2.89635646e+01 1.79132849e+01
 9.76249217e+00 7.58800788e+00 2.16070133e+01 5.80585276e+01
 3.27385894e+01 7.35150322e+01 1.70585253e+01 1.47153819e+01
 1.37865693e+01 5.88922461e+01 2.49050625e+01 1.49543769e+01
 4.81493868e+01 8.77781592e+00 2.43873657e+01 1.66554105e+01
 3.22511579e-01 5.95429604e+01 5.26005583e+01 3.70230905e+01
 1.47660391e+01 5.18001785e+01 1.60058018e+01 6.12612331e+01
 1.89796253e+00 2.74338552e+01 1.38139268e+01 3.40375298e+01
 3.26616231e+01 6.77545142e+00 7.70357322e+01 8.06395101e+01
 2.41578111e+01 1.47160267e+01 3.60423649e+01 1.87684666e+01
 1.82025939e+01 4.24569254e+01 7.21554128e+01 2.13455341e+01
 1.33953333e+01 3.89189787e+01 1.69671429e+01 1.80963156e+01
 1.06025438e+01 3.02439567e+00 2.16884381e+01 1.42879462e+01
 1.55958571e+01 1.37894713e+01 5.39195526e+01 1.54535503e+01
 2.40961960e+00 2.37727591e+01 6.56964794e+00 2.81680305e+00
 6.28845669e+01 4.81197202e+00 2.76404544e+01 2.14985730e+01
 7.22116463e+01 1.01249798e+02 6.54989260e+01 1.05275588e+01
 4.97187262e+01 7.42441115e+01 3.01897314e+00 3.45503160e+01
 5.65943955e+00 2.26665993e+01 2.75801742e+01 4.22679577e+00
 1.03110159e+01 3.14545258e+01 6.65662377e+01 1.95941629e+00
 1.90323087e+01 3.30282699e+01 1.68952931e+01 2.58360787e+01
 9.27893057e+00 1.80944954e+01 4.89760914e-02 6.48440328e+00
 6.40784398e-01 2.17504141e+01 2.30071872e+01 2.40610050e+01
 1.38406034e+01 1.29866418e+01 4.69954965e+01 4.21566339e+01
 1.64128515e+01 3.46925885e+01 1.13877914e+02 5.41520738e+01
 7.82138403e+00 3.41736801e-01 6.89918257e+00 2.86236176e+01
 2.84048167e+01 1.79334636e+01 7.09083843e+01 1.65624514e+01
 5.41616820e+00 5.86438607e-01 2.70102889e+01 1.72478892e+01
 4.39976024e+01 1.87386995e+01 2.60801039e+01 6.71438039e+01
 1.81890712e+01 1.20113857e+01 4.39466765e+01 3.56164811e-01
 1.08050294e+01 2.85302442e+01 6.40744889e+01 2.57507870e+00
 6.98432489e+00 3.44714879e+01 6.34299695e+01 3.45530514e+01
 5.09308665e-01 2.37451971e+01 1.22608981e+01 4.99163306e+01
 9.42073221e+00 3.83997585e+00 9.03814694e+01 4.24444955e+00
 3.07830641e+01 4.56311773e+01 8.67007091e-01 1.50629281e+01
 2.80728652e+00 1.13243507e+01 1.13072979e+01 1.12038062e+00
 5.02955667e+00 9.71781978e+00 1.59710958e+01 1.43822991e+01
 3.84245310e+00 1.49323164e+01 3.94009042e+01 4.42813441e+01
 1.34854765e+01 3.12875967e+00 3.53327861e+01 3.45772049e+01
 6.82447242e+00 1.03250102e-01 1.57031600e+01 8.61733157e+00
 2.31774991e+00 6.43012746e+00 1.80181455e+00 1.63875867e+01
 2.15079870e+01 3.15571385e+01 9.47683728e+00 5.60988339e+01
 6.37745390e+01 2.41282466e+00 2.40928452e+01 1.41597802e+00
 4.05002642e+00 6.03096106e+00 1.22773516e+01 1.99625675e+00
 3.09381775e+01 2.88134232e+00 5.01832467e+00 5.85121214e+00
 1.44052159e+00 1.09252489e+00 2.78039203e+01 8.81469095e+00
 9.81980764e+00 2.81346771e+01 7.02781334e+01 2.11927697e+01
 1.43171765e+01 8.51321088e+00 5.19614921e+01 1.33991778e+01
 2.75082706e+00 2.74305669e+01 4.19050975e+01 4.25009349e+01
 1.00920930e+02 4.17467575e+01 6.58379180e+01 4.94595096e+00
 5.02579041e+01 5.96479307e+00 4.18644617e+01 4.09628210e+01
 7.16472073e+01 8.67616322e+00 4.79499232e+00 1.69660313e+01
 1.35832146e+01 5.14069653e+00 3.60771882e+00 9.89823881e-01
 4.36653700e+01 7.10807373e+00 6.65607746e+01 3.73151196e+01
 1.15030730e+01 6.19964328e+01 9.92195732e+00 3.57249042e+01
 4.56058131e+01 3.36881814e+00 4.31887254e+00 1.43414017e+00
 4.01430432e+01 2.88431055e+01 2.13861259e+01 7.85921048e+01
 8.07921968e+00 1.14942491e+01 4.89354806e+00 2.46301728e+01
 8.24806932e+01 3.88872689e+00 1.64408941e+01 1.86596441e+00
 5.93729603e+01 1.33406101e+01 2.94007068e+01 1.43172612e+01
 8.80090546e+00 5.40504241e-02 4.41725406e+00 2.14129521e+01
 1.29138542e+01 3.84820479e+01 6.38519996e+00 4.74351704e+01
 4.48508427e+00 3.09157255e+00 5.07104989e+01 3.32122442e+01
 4.40187440e+00 5.45382344e+00 2.86377891e+00 2.28535525e+01
 1.11699894e+02 1.21651626e+01 2.53768503e+01 3.91281846e+01
 2.09772057e+01 9.97311348e+00 2.45471536e+01 3.60985436e-01
 2.64074779e+01 1.45840838e+01 1.38767428e+01 2.03387739e+00
 7.86467939e+00 3.57792021e+01 1.38926838e+01 1.35988275e+01
 4.14370375e+00 3.69276938e+01 1.30590144e+01 9.46626687e+00
 2.61160170e+01 7.92039838e+01 2.24522973e+00 3.47231766e+01
 8.78159512e+00 1.53790034e+00 1.09240239e+01 4.17071165e+00
 4.19648090e+01 6.64252608e+00 1.56016024e-01 1.00514923e+00
 7.69930807e+01 2.25728568e+01 2.38647936e+01 2.44121082e+00
 2.27244270e+00 4.46222305e+01 8.69539844e+00 1.26849107e+01
 2.27070583e+01 6.86852858e+00 1.22426401e+00 3.71788237e+01
 4.22768644e+01 2.95658495e+00 2.81444053e+01 1.70249255e+01
 2.52600672e+01 1.90082667e+01 2.18066007e+01 7.05117801e+00
 9.84177678e-01 1.04283005e+00 1.98826979e+01 6.06889860e+00
 3.53830033e+01 2.03541434e+01 2.90974243e+01 1.81515273e+00
 3.87872504e+00 6.42196725e+01 9.57484130e+00 2.25235505e+01
 5.49743364e+01 1.04576435e+02 8.07698375e+01 1.02120732e+01
 1.51112555e+01 9.30107447e+00 1.26329708e+01 1.23481100e+01
 5.58626111e+00 3.31742998e+01 4.42528708e+01 3.00235984e+01
 2.33466554e+01 2.53773375e+01 3.89254616e+01 3.42953612e+01
 1.31110509e+02 3.59338862e-01 7.51495467e+00 1.32279384e+01
 4.98439775e+01 1.96519068e+00 7.21938227e+00 1.25888818e+01
 7.15635901e+00 7.35669091e+00 2.35661082e+00 1.36748726e+01
 6.63834578e+00 3.86080334e+00 3.08184205e+01 9.03009025e-01
 4.71701029e+00 2.09101877e+01 4.79046287e+01 6.00354574e+00
 5.69082095e+01 2.16412842e+01 1.14492707e+01 2.85356964e+01
 4.73557933e+00 2.45232023e+01 1.10644748e+01 1.80037654e+01
 6.44872415e+01 1.20183516e+00 2.72898804e+01 2.30207803e+01
 1.21028105e+01 1.33148009e+02 4.61368784e+01 1.52826943e+01
 2.80000375e+01 6.12316029e+01 9.00408776e+00 4.11875455e+01
 7.71026249e+01 2.84246547e+01 9.51391191e+01 1.92323089e+01
 2.74899802e+00 4.41898608e+00 3.80147188e+01 2.47601656e+01
 7.30136492e+01 5.73850769e+01 1.15675729e+01 1.20519611e+01
 3.69129296e+01 1.01706958e+01 6.29686093e+00 5.30656913e+00
 9.98820806e+00 4.52827002e+01 7.51792994e+01 1.82211515e+01
 2.76085143e+00 1.69400026e+01 1.24213130e+01 8.33942962e+00
 1.43611999e+01 4.03818047e+01 1.09268996e+02 3.08864117e+00
 4.95698429e+00 4.26810791e+01 2.92854509e+01 5.85519477e+01
 1.60442423e+00 1.38153367e+00 2.77477751e+01 1.00004019e+01
 1.77626276e+01 4.24850387e+01 3.45364907e+01 1.15937962e+01
 3.00218513e+01 1.90815341e+01 2.41764897e+01 3.41500631e+00
 2.10532448e+00 6.33737193e+01 2.01999327e+01 3.75899399e+01
 2.77239371e+01 4.94908044e+00 2.59706994e+00 9.47172476e+00
 6.28257039e+00 2.32332591e+01 1.11195957e+01 2.69231470e+01
 5.10438516e+01 8.05531141e-01 4.84433776e+00 2.19507975e+00
 1.84668348e+01 1.67513988e+01 6.42550049e+01 4.68549343e+00
 1.62293010e+01 3.74901475e+01 7.78803760e+00 4.18169032e+01
 5.21653272e+00 4.56353755e+01 4.05823699e+01 1.67792719e+01
 2.25643276e+01 1.28115638e+00 3.06069659e+01 4.10609242e+01
 1.76025038e+00 6.47358220e+01 2.80135741e+00 3.78794063e+01
 2.05886050e+00 8.12189259e+00 2.64397454e+01 1.79177749e+01
 4.00710355e+01 5.54175556e+00 3.89412294e+01 1.84697786e+01
 2.57415015e+01 4.33438247e+01 2.60058850e+01 1.09936474e+01
 3.16657096e+00 1.67377725e+01 5.02511391e+00 2.20286257e+01
 1.12092113e+02 1.59777804e+01 5.20172185e+01 2.68782513e+01
 5.03309067e+01 2.17715347e+01 1.64774764e+01 1.48984039e+01
 1.08602762e+02 2.91550022e+00 3.89545654e+00 2.29546764e+00
 6.62649521e+01 1.71757410e+00 1.36004728e+00 4.19426625e+00
 1.29738333e+01 3.86974575e+01 9.66600033e-01 8.27627310e+00
 2.67788071e+01 2.73351586e+00 2.30940160e+01 1.00103596e+02
 3.11968663e+00 3.53832938e+01 5.39424763e+00 7.02247945e+00
 1.43208884e+01 3.28962360e+01 1.36511656e+01 3.39792250e+01
 2.09138255e+01 1.42881923e+01 1.02609635e+02 9.03485901e+01
 2.52712149e+01 1.40996269e+01 3.75397800e+00 6.58203119e+00
 3.13467904e+00 1.60574561e+01 7.67016573e-01 8.14299105e+00
 9.92311041e+00 9.83309925e+01 8.25940079e+00 7.40526812e+01
 4.68360816e+01 2.95484927e+01 8.31616155e+00 8.26510962e+00
 1.29649086e+01 7.78367519e+01 1.33746321e+01 1.57672903e+01
 2.16545725e+01 1.77678541e+01 2.24631065e+01 3.09270710e+01
 3.38139587e+01 1.77644562e+01 5.91860026e+01 1.63948918e+00
 3.47726051e+01 4.63076542e+00 3.71267826e-02 3.50234146e+01
 6.39012493e+00 2.67975285e+01 4.09381948e+01 1.31280869e+02
 2.43434036e+01 5.56461097e+00 1.21059799e+01 3.73133193e+01
 7.04656856e+00 9.85118358e+00 6.39203306e-01 3.66816413e-01
 1.45694859e+01 3.57201173e+01 2.52270794e+00 4.87398596e+01
 7.19541510e+01 7.98736770e+00 1.97170052e+01 3.88114923e+01
 1.49523887e+01 5.23480946e+00 8.83077567e+00 8.51616359e+01
 5.14330587e-01 2.69088773e+01 1.53058207e+01 1.72588760e+01
 1.61844297e+01 9.32844727e+01 3.33862329e+01 3.91923613e+01
 2.72250225e+01 1.13010313e+02 6.67141896e+01 2.61014548e+01
 4.42021654e+01 8.39447158e+00 9.84067427e+01 3.25369144e+01
 1.13513129e+01 2.38694414e+01 3.73187607e+01 8.64643011e+00
 6.00153750e+01 2.18252991e+01 2.29592878e+00 2.96652695e-01
 6.25671009e+01 2.50451734e+01 3.89915381e+00 1.14381885e+01
 4.27740840e+01 1.26722027e+00 4.58234026e+00 2.16403541e+01
 1.44486483e+01 3.29810882e+01 2.20175982e+01 3.24504797e+00
 2.52793005e+01 2.58036567e-01 1.59740642e+01 4.75609656e+01
 1.25765428e+01 4.59435452e+01 1.38043900e+01 6.53054082e+00
 7.69308832e+01 4.41256531e+01 1.18496167e+01 3.26924570e+01
 5.91220005e+01 6.11347007e-01 6.83677049e+00 3.36051400e-01
 1.95038982e+01 2.12157728e+01 2.67052997e+01 2.62183812e+01
 3.62214335e+01 1.44233308e+01 2.11429238e+01 3.08993037e+01
 4.12862556e+01 1.48455985e+02 2.06381372e+00 2.19971945e+01
 3.51082698e+01 6.99898970e+00 4.51814590e+00 1.18156259e+00
 2.56890182e+01 8.16816233e+01 1.67100810e+01 6.58102583e+00
 1.43083279e+01 8.02510963e+00 4.94915178e+01 3.55965599e+00
 6.31882250e+01 8.94459301e+01 2.38503495e+01 1.35955925e+01
 4.71369625e+00 1.01519870e+02 8.52149147e+01 1.47643854e+00
 2.45235827e+01 3.94187109e+01 6.46959414e+00 3.26562466e+01
 1.29109217e+00 1.21145732e+00 2.75860872e+00 7.31233004e+01
 3.12850619e+01 4.44473025e+00 5.86775488e+01 2.74752450e+00
 3.28297679e+00 4.40527132e+01 1.06375686e+01 7.26543527e+00
 4.09610213e+01 3.60735475e+01 1.05568120e+01 3.40912486e+01
 5.12106891e+00 2.26537516e+01 1.94370299e+01 3.01899188e+01
 3.55311842e+01 5.29464892e+01 5.02449619e+01 3.90735944e+01
 5.66877226e+00 1.47611991e+01 2.66507371e+00 3.48270249e+00
 1.04117442e+01 8.67963882e+00 8.29309217e+01 6.04592111e+01
 1.36623543e+01 3.36358157e+01 1.34065247e+01 6.41224135e+01
 2.54846734e+00 3.28852074e+01 2.31306421e+01 4.45917918e+01
 2.71093551e+00 1.04782957e+01 3.61444985e+01 2.66953351e+00
 2.93258092e+01 3.16257935e+01 6.78203975e+01 1.13528955e+01
 2.54309676e+01 7.92174710e+01 7.17455375e+01 8.00268763e+01
 8.77021525e+00 3.24283785e+01 9.26530561e+00 6.77567975e+00
 9.28023588e+00 2.43444218e+01 9.28871167e+00 1.49014118e+01
 2.42729037e+01 2.58517416e+01 1.54589388e+01 4.36444282e+00
 1.10929496e+01 1.62756848e+01 7.76159643e+00 1.36335815e+00
 2.27041167e+00 1.45551599e+01 1.55605201e-01 1.33676620e+01
 2.62746282e+00 3.62595171e+00 1.80873695e+01 1.26911736e+01
 1.25466725e+01 2.38885776e+00 5.67561338e+00 1.60341713e+01
 3.79501712e+01 3.25334582e+01 4.92540162e+00 4.78590673e+01
 3.84397905e+01 9.16635543e+00 1.37141601e+02 9.32001450e+00
 3.40389903e+01 3.60616063e+01 4.80911727e+01 7.41607974e+00
 2.69372699e+00 5.35239190e-01 5.04551296e+01 9.87138701e+00
 1.26052809e+01 4.44934602e+01 2.20631065e+00 1.35518599e+00
 4.95438338e+00 1.87536073e+01 1.64168404e+00 4.65809505e+01
 7.07535438e+01 5.63951098e+00 1.76315141e+01 3.51055331e+00
 8.50184821e+00 3.28185165e-01 1.05435326e+01 2.33419772e+01
 5.63889348e+00 1.42094102e+01 8.57390076e+00 2.72783733e+01
 1.88453134e+01 3.63100351e+01 6.82911809e+01 1.19007592e+01
 2.26962740e+01 5.63057732e+00 2.96944896e+00 3.93821711e-03
 2.42341993e+01 2.91469164e+00 1.09761221e+01 3.83661869e+00
 2.70052456e+01 1.16743345e+00 1.31325146e+01 4.14618965e+01
 1.40017619e+02 2.95612795e+00 5.61275142e+01 4.91620878e+01
 4.44761246e+01 4.16575737e+01 8.48493595e-01 6.62216363e+00
 1.10903455e+02 1.44441960e+01 6.22284531e+00 2.28486491e+01
 6.93825630e+00 5.83205271e+01 4.65281929e+00 1.95253127e+01
 1.68104182e+01 9.61368054e+01 2.38534259e+01 2.56307484e+01
 1.34287850e+02 4.86060171e+00 3.47582932e+01 1.62582206e+01
 1.76905575e+01 3.50652854e+01 1.02721208e+01 1.58964712e+01
 3.63525940e+01 2.88479675e+01 3.44754232e+01 6.97012693e+00
 6.99935112e+01 7.56107688e+00 1.39100426e+01 2.70401541e+01
 8.12490184e+01 1.58088165e+01 7.08063739e+00 7.98518313e-01
 4.55870979e+01 1.95685662e+01 1.90214523e+01 7.22790093e+01
 5.19217785e+00 4.11092102e+01 4.39624585e+01 6.02342119e+01
 5.16176203e+00 3.29105062e-01 1.99977833e+01 1.16223669e+01
 5.56190771e+00 5.18071792e+00 5.76386654e+01 3.55817215e+01
 2.75638712e+01 1.49669187e+01 4.80744643e+01 1.01965744e+01
 2.25610051e+01 1.43782260e+01 6.60874924e+00 2.72527342e+01
 8.17569700e+00 5.99636449e+00 7.11684115e+01 1.09682520e+01
 1.09210652e+01 8.89706596e+00 9.74274888e+00 9.41901696e+00
 3.22135185e-01 1.47934243e+01 3.59329390e+01 7.77534636e+01