4.58173842e+00 2.83409545e+00 1.12771755e+01 2.29530185e+01
 2.13006053e+00 4.46471289e+00 1.03199217e+01 7.42250615e-02
 1.07879210e+01 1.71580166e+01 3.72531266e+00 1.50900846e+01
 5.76557965e+01 4.04500274e+00 1.57569766e+01 8.95027761e+00
 7.38591809e+00 3.80966974e+01 2.61483299e+00 1.61441323e+00
 3.27507359e+00 9.76117632e+00 5.05185242e+00 6.24951829e+00
 2.17952099e+01 5.63878970e+01 2.35522382e+00 1.03189712e+00
 1.27977705e+01 5.45866493e+00 8.35236093e+00 2.42163089e+00
 4.81267691e+00 4.61169254e+00 3.79686935e+00 2.09613707e+01
 1.36563389e+01 2.41648161e+01 1.76582060e+01 2.25887878e+01
 3.22954428e+00 2.09805628e+00 2.76357240e+01 1.61963892e+01
 2.92603054e+01 5.49183970e+00 2.76056639e+01 1.30898140e+00
 1.12684414e+01 1.42082407e+00 2.56079900e+00 7.74003685e+00
 1.53529210e+01 4.56687103e+00 2.01734296e+00 2.01405025e+01
 7.82464710e+00 1.11062167e+01 1.78253451e+00 1.55316912e+01
 1.22777505e+00 1.67407305e+01 8.19503518e+00 3.08353454e-01
 8.53715110e+00 7.73489092e+00 9.67103690e+01 1.16752626e+01
 2.14010844e+00 2.14633510e+01 5.71671034e+00 1.05698245e+01
 2.78599502e+01 3.67625169e+00 3.11566830e+00 1.26254259e+01
 3.74043290e-01 4.03661413e+00 1.75153890e+00 3.20857307e+00
 1.19138611e+00 3.56259570e+01 1.55346259e+01 1.26935058e+01
 2.76929045e+01 4.41275115e+01 3.74265497e+00 6.37665167e+00
 1.15293509e+00 1.08072151e+00 7.05956816e+00 1.64925963e+01
 1.50541502e+00 1.48580393e+01 5.12708625e+00 2.65287701e+01
 3.19917977e+01 5.60768842e+00 3.53608715e+00 1.71079209e+01
 2.13017259e+00 3.76823991e+01 6.93822213e+00 5.03739509e+01
 3.61607468e+00 7.36110831e-01 6.90738579e+00 2.97064442e+00
 1.81989678e+01 9.02436390e+00 1.87735512e+01 3.09913657e+00
 7.51673011e+00 5.01044331e+00 2.91117640e+01 4.70141150e+01
 2.42140483e+00 1.00744464e+01 1.71582810e+01 2.42575510e+00
 1.90421622e+00 5.40073027e+00 1.38771189e+01 3.23516115e+00
 2.13631747e+00 9.80147703e+00 3.52101491e+00 4.59591407e+00
 1.39240741e+01 5.56608042e+00 1.44032255e+01 2.43373237e+01
 3.71112906e+00 1.00876244e+01 1.22161921e+01 1.17462406e+01
 7.17673841e+01 3.37414696e+01 2.34849217e+01 1.62854384e+00
 6.28360813e+00 1.01267308e+01 1.08421350e+00 2.58610759e+01
 9.02102902e+00 3.74343596e+00 1.58407034e+01 4.25886396e+00
 2.64841355e+01 6.53213345e+00 4.69812106e+01 1.16555018e+01
 1.38846754e+01 1.97944010e+01 2.59650912e+00 1.17465281e+00
 3.92484930e+00 3.22865210e+00 2.48672032e-01 2.24709487e+01
 2.17224148e+00 2.92815041e+01 1.64620304e+01 1.00397559e+01
 5.08288211e+01 1.13925813e+01 1.08487377e+01 3.99532279e+01
 3.26075898e-01 4.55200918e+00 6.44656313e+00 1.61047988e+01
 6.86198831e+00 4.89754565e+00 5.80442117e+00 1.43741274e+01
 9.63643957e+00 1.65067248e+01 1.49658462e+01 1.31426196e+01
 6.30137509e+00 1.40257516e-01 1.45767928e+01 1.89809624e+01
 9.16509716e+00 7.09012855e+00 1.86722382e+01 5.47968242e+00
 4.34489376e+01 7.07949455e+00 2.38072864e+01 6.95068109e+00
 4.49944249e-01 9.19301416e+00 2.18426311e+00 1.22166367e+01
 1.38576790e+01 8.92814314e+00 5.99666481e+00 2.63040969e+00
 5.96525282e+00 6.44152116e+00 3.32786184e+00 1.25047004e+01
 8.55876965e+00 9.73726150e-01 1.65478145e+01 6.33709591e+00
 8.51178828e+00 3.29707802e+01 3.01287166e+00 8.16078227e-01
 4.12221904e+01 1.23226613e+01 2.54387085e+01 2.99557507e+00
 1.01642320e+01 2.47742319e+00 1.52525414e+01 1.09703898e+00
 1.21550621e+01 8.80503624e+00 2.59709884e+01 4.76921448e-01
 1.95671022e+01 4.86238660e-01 1.94415017e+00 2.08201200e+00
 9.05128761e+00 1.35914503e+01 2.45580832e+01 1.69615335e+01
 6.08223976e+00 8.87763098e-01 5.47767942e+00 2.25393935e+01
 1.89541397e+01 9.08296846e-01 1.50784703e+01 2.03529640e+01
 1.64838310e+00 1.55064567e+00 3.12222264e+01 1.38969771e+01
 1.63615184e+01 3.07475395e+00 1.54415644e+01 7.15514765e+00
 1.23107735e+01 6.96268001e+00 1.03714395e+01 6.20155054e+00
 6.28362813e+00 4.11548113e+00 2.67264880e+01 2.85226053e+00
 7.56788751e+00 3.91570366e+00 1.42960969e+01 3.44603185e+01
 3.56192199e+00 2.53291817e+01 2.16366504e+00 5.58811209e+00
 6.92726346e+00 3.52923055e+01 2.80959605e+01 1.12864371e+01
 8.75569594e-01 5.83063705e+00 3.13319960e+00 6.92493713e+00
 1.56606217e+01 4.34809076e+00 5.65593453e+00 4.53754503e+00
 1.36042527e+01 6.49636069e-01 2.48307812e+01 4.50216772e+00
 9.95104130e-01 1.90969252e+00 1.52425601e+01 6.48268470e+00
 1.90274696e+01 1.54352120e+01 2.67160360e-02 5.37731811e+00
 2.50971559e+01 1.26105557e+01 1.21504902e+01 8.21023558e-01
 1.76696483e+01 1.64961629e+01 1.30088292e+01 2.11765204e+00
 4.68639553e+00 1.71433896e+01 5.89581240e+00 1.09980116e+01
 1.11697264e+01 1.03536168e+01 3.08971214e+01 1.89281793e+00
 2.48086854e+01 1.14420467e+01 3.76316337e+01 8.50390995e-01
 1.48204877e+00 2.16734240e+00 2.76813566e+01 1.93776491e+01
 1.74251368e+01 1.49669172e+01 8.74592718e+00 1.60802479e+01
 1.51060407e+01 1.13429028e+01 1.16697024e-01 7.43093642e+00
 1.59582071e+00 9.36008355e+00 2.31185047e+00 2.68490731e-01
 2.28809468e+01 6.91134128e+00 1.01969475e+00 1.25249282e+01
 2.35629468e+00 8.99350469e+00 1.01144136e+01 9.50641600e+00
 6.20290172e+00 4.78404110e+01 1.29689929e+01 4.18493121e+00
 6.82700423e+00 2.54539338e+00 4.66200010e+00 1.12100430e+01
 1.85401112e+01 8.64309308e+00 2.32999204e+01 4.70817479e+00
 1.65883779e+00 8.11338071e+00 1.29770619e+01 3.39181543e+01
 8.27494828e+00 1.58849650e+01 6.73230138e+00 3.31510843e+01
 4.51283845e-01 4.43009987e+00 2.05598249e+01 5.96460236e+00
 2.59514490e+01 1.94292096e+01 1.17217792e+01 1.08713492e+01
 9.24634884e+00 2.05159517e+01 1.83389847e+01 2.42347323e+00
 3.60187738e+00 2.61532957e+01 8.43575060e+00 1.06692744e+01
 1.18397985e+01 6.52741142e+00 1.26819746e+01 6.33971405e+00
 2.17032789e+01 5.93709645e+00 2.54043913e+00 7.09941403e+00
 1.31797777e+01 3.44124362e+00 3.23180736e+00 5.95136867e+00
 6.05150607e+00 2.28409240e+00 1.78943710e+01 3.50171611e+01
 1.03322950e+01 1.26484752e+01 2.37641287e+01 3.70963830e+00
 5.16782235e+00 1.62787190e+01 5.25952211e+00 1.87796704e+01
 1.84615063e+01 7.76519712e+00 4.31429882e+01 1.45223129e+01
 1.30073562e+01 2.81535134e+01 1.80219990e+00 3.64453956e-01
 5.44703819e+00 3.31511505e+01 3.07341243e+00 3.25425101e+00
 3.95858241e+01 8.70189125e+00 6.42982070e+00 6.97537343e+00
 1.60262311e+00 3.67732464e+00 5.88532742e+00 6.97974303e+00
 4.93538655e+01 7.07622066e-01 1.19430958e+00 8.14755007e+00
 1.44015830e+01 2.02007240e+01 2.08068131e-01 5.51544863e+01
 8.26622886e+00 1.04477017e+01 1.01725290e+01 1.24304092e+01
 5.31725014e+00 4.85831568e+00 1.42402256e+01 9.76368801e+00
 8.32602138e+00 1.63064780e+00 1.10142415e+01 1.68677063e+01
 4.12230208e+00 2.08484696e+01 1.79798444e+01 2.81661496e+01
 1.07122765e+01 1.35206271e+01 1.28033777e+01 3.76557612e+00
 5.00359608e+00 5.71332782e+00 1.06088993e+01 7.79197823e+00
 1.99520806e+01 3.20941974e-01 6.81071868e+00 3.35347345e-01
 2.82031372e+01 7.54097247e+00 1.35757758e+01 4.07412084e+00
 2.87014996e-01 1.93819808e+01 7.66349993e+00 1.59575800e+01
 1.12170609e-01 6.23838687e+00 3.15188586e+01 2.06178186e+00
 8.97690571e+00 2.91499272e+01 2.01139374e+01 8.64968300e-01
 9.09943876e+00 3.61996102e+01 2.02098913e+01 1.67993695e+01
 1.97556629e+01 3.12717979e+00 1.09801691e+01 1.14765554e+01
 4.33842939e+01 4.03898315e+01 2.44980469e+00 8.82295073e+00
 3.48606388e+00 6.01075756e+00 7.73394891e+00 3.94442373e+00
 4.53489956e+00 2.76943116e+01 9.44067956e-01 6.11833645e+01
 7.88215130e+00 1.49500926e+01 1.38893714e+01 2.17157553e+01
 2.47009690e+00 7.16092107e+00 6.39765096e+00 1.84681351e+01
 1.78684083e+00 4.42431618e+00 1.09499571e+01 4.62978663e+00
 8.72992457e+00 3.33741311e-01 3.79058049e+00 9.26872516e-01
 5.03479102e+00 2.36205693e+01 1.04678726e+00 3.59127421e+00
 1.08527017e+00 7.41293241e+00 5.49689783e+00 4.28327037e-02
 1.31882009e+01 6.97555973e+01 4.68050487e+00 2.23765493e+00
 2.16727815e+01 1.34387272e+01 2.16064715e+01 2.06491145e+01
 1.22993376e+00 4.48671228e+00 4.52132982e+00 2.25252532e+01
 2.88358771e+01 1.61845637e+01 3.52159226e+01 1.20852627e+01
 1.17138621e+01 4.96793565e+00 3.73676093e+01 2.38867956e+01
 1.19599417e+01 6.91409515e+00 4.03825101e+01 6.70463441e-01
 2.04269449e+00 1.05001651e+01 1.55438975e+00 2.51290331e+01
 4.42471465e+01 5.48099218e+00 5.47645864e+00 1.75360638e+01
 2.57947754e-02 9.71040395e-01 3.58656386e+01 2.53396128e+01
 3.54285309e+00 6.90108520e+00 1.59062730e+01 7.55657446e+00
 9.88170164e+00 1.20109286e+01 2.98519009e+01 4.02071099e+00
 8.53074690e+00 5.33915923e+01 7.50240027e+00 1.76922732e+00
 1.45813987e+00 3.31852335e+00 1.21257200e+00 2.39828697e+00
 1.91700948e+01 5.99249317e+00 4.11528143e+00 2.15065321e+01
 1.32763714e+01 1.83584392e+01 1.15785984e+01 1.92172847e+01
 1.11991080e+01 6.38204198e+01 4.46638531e+01 9.86787782e+00
 1.66969654e+01 8.96416530e+00 5.66986105e+01 6.75700073e+00
 3.02600859e-01 4.56431742e+00 2.02963309e+01 4.24348862e+00
 2.55143474e+00 2.33381845e-01 5.07935596e-01 2.95711959e+00
 4.66191761e+00 5.08794048e+01 2.11349872e+01 1.27452988e+00
 9.72286377e-01 1.47793028e+01 2.27726930e+01 1.54389642e+00
 9.52535012e+00 1.17220447e+00 4.38795543e+01 1.96236661e+01
 2.13869446e-03 1.63865777e+01 2.07503461e+01 1.65346492e+01
 8.21897614e+00 1.90315437e+01 6.48696402e+00 8.29013093e+00
 8.98087199e+00 9.74056419e+00 4.43351703e+00 2.81728883e+00
 1.60648082e+01 2.32693617e+00 9.83835084e-01 6.04156206e+00
 3.17786579e-02 7.85072953e+00 3.24501110e-01 2.11030209e+00
 1.90443246e+01 1.46621150e+01 3.76414674e+00 1.31629972e+01
 6.28694985e-01 1.90269046e+01 1.34825284e+01 1.44282321e+00
 7.75274801e+00 7.01179001e+01 3.32778765e-01 8.71956848e+01
 7.39681908e+00 3.85929797e+00 3.11325170e+01 2.28822283e+00
 2.58828210e+01 1.02802219e+01 2.97671152e+01 8.79411899e-01
 6.01703868e+00 2.51546280e+01 2.92694499e+00 3.60441720e+01
 5.44372832e-01 6.73589843e+00 1.87539758e+00 5.94842776e-01
 2.04654314e+01 2.90843063e+01 1.44834028e+01 2.41205673e+00
 3.01306351e+00 1.43314244e+00 2.41677034e+01 1.12754158e+01
 3.76223127e+01 3.99113269e+00 1.00604153e+01 1.01894303e+01
 6.43486887e-01 2.74384911e+01 3.04694166e+01 3.14097706e+01
 2.85388608e+01 1.86421068e+01 1.43798997e+01 5.60582857e+00
 2.88322841e+00 7.65911385e+00 7.62150763e+00 2.52057031e-01
 1.11207195e+01 3.83638513e+00 1.03972333e+01 2.98389786e+01
 4.36244802e+01 2.29069883e+01 1.55396629e+01 5.08901813e+00
 7.27272137e-01 1.10950934e+01 2.64528691e+01 1.90476419e+00
 4.25650355e+00 2.44898838e+00 2.11424198e+01 2.13412825e+01
 9.97442034e+00 7.21866298e+00 3.07466759e+01 1.34516859e+01
 6.48697331e+00 6.02192574e+00 1.90122563e+01 1.64376429e+01
 5.22935538e+00 6.81880260e+00 4.25526949e+00 4.19122172e+00
 2.23342739e+01 1.27456020e+01 2.14735144e+01 2.52865176e+01
 7.10861593e+00 5.00471378e+00 3.81465578e-01 9.96295058e+00
 9.44352243e+00 1.65995904e+01 1.22683333e+01 1.54846371e+00
 1.07621957e+01 2.02957428e+01 2.29541549e+00 2.02977091e+01
 5.46452296e+00 1.44450456e+01 9.45874627e+00 8.23957051e+00
 1.72494902e+01 2.88391515e+00 3.51504535e-02 8.95326710e+00
 5.56245772e-01 6.28026186e+00 2.59269238e+01 1.53396450e+01
 3.05366199e+00 1.38629221e+01 1.49709246e+01 1.15447861e+01
 8.99677348e+00 1.03250576e+00 5.42433382e+00 1.04060764e+00
 7.49699357e+00 2.40417015e+01 2.13654244e+01 1.49875564e+01
 1.70690440e+01 5.83349548e+01 6.24966903e+00 6.64508835e+00
 4.44856771e-01 4.59821059e+00 3.27842811e-01 3.72786230e+00
 1.93590383e+00 7.25343449e+00 5.25298866e+00 3.12173129e-01
 1.79440536e+01 4.28413584e+00 5.70230208e+00 2.07356223e+01
 4.05697094e+01 3.82637916e+01 1.48670413e+01 6.14205272e+00
 1.98824165e+00 1.48406144e+00 1.23569638e-01 1.33606371e+01
 2.82016716e+00 2.62521832e+00 6.27287229e+00 2.52165711e+01
 1.73243356e+00 9.50097836e+00 1.38342022e+00 4.82680267e+00
 5.06872024e+00 1.20459065e+01 1.22993766e+01 2.09023541e+01
 3.81460950e+00 1.22621599e+01 1.20860772e+00 1.15457115e+01
 3.54574164e+01 2.52479649e+00 1.50748044e+01 1.60346547e+01
 7.78873868e+00 4.52437287e+01 1.12232379e+01 6.37181471e+00
 2.70988994e+00 4.22962499e+00 2.70095291e+00 1.75972335e+00
 5.81012626e+00 1.31199431e+01 6.92596264e+01 1.48205145e+01
 1.59878184e+00 5.56012106e+00 7.42974512e+00 7.84895488e-01
 8.33192635e+00 3.09676503e+01 7.40913292e+00 6.03633123e+00
 8.54660704e+00 7.33870762e+00 8.57449569e+00 5.34056540e+00
 1.31139254e+00 9.58864604e+00 1.52998462e+00 1.13370581e+01
 1.42578485e+01 1.47014254e+01 6.19968492e+00 1.47719212e+01
 6.67498385e+00 5.35119010e+00 1.44007384e+01 1.83339844e+01
 1.26838548e+01 5.28199199e+00 1.44817818e+01 4.74237419e+01
 1.03555439e+01 1.18829932e-01 1.22075332e+01 6.02046266e+00
 3.64308708e+00 3.76395275e+00 3.88068215e+00 2.36029794e+01
 7.15164222e+01 8.11787398e+00 7.10161873e+00 1.35981760e+01
 3.64156346e+00 3.09197134e+01 2.53613693e+01 2.80717158e-01
 4.58746468e+00 1.14065962e+01 2.98179810e+01 3.69045103e+00
 1.22369913e+01 1.47333547e+01 1.93610159e+01 2.28905641e+00
 1.08222284e+01 1.36321855e+01 1.81105510e+00 4.84321800e+00
 8.42567005e+00 1.52774501e+01 5.03721426e+00 1.94927930e+00
 5.13091653e+00 2.99044937e+01 5.64326920e+00 7.01978823e-01
 7.01206613e+00 4.32155294e+00 3.88220696e+00 2.44386049e+01
 4.65020594e+01 3.10017553e+01 4.33935243e+00 1.31887454e+01
 2.17707761e+01 1.52659816e+01 1.47221772e+00 4.28687726e+00
 1.06202719e+01 1.11356223e+01 1.03153216e+01 1.41676515e+01
 2.05550470e+01 2.63996479e+01 1.13558642e+01 2.61245789e+01
 2.00413043e+01 2.04171307e+00 7.13367846e+00 3.19068631e+01
 6.13703339e+00 1.43317793e+01 8.20331842e-01 3.56569217e+00
 3.15283967e+01 1.26287221e+01 2.66658715e+01 7.16892024e+00
 2.05992144e+00 1.20382360e+01 1.36339653e+01 1.07586595e+01
 1.53418935e+00 4.88182843e+00 7.29725793e+00 4.84140943e+01
 6.88290361e+00 1.73119995e+01 1.68119669e+01 1.61988202e+00
 6.87744267e+00 1.25058942e+01 3.50746065e+00 2.32969642e+01
 1.61131085e+01 1.89610191e+01 9.06307478e-02 1.96215532e+01
 5.36033750e+00 3.96284236e-01 2.31091168e+00 2.24661901e+01
 9.82113215e+00 6.74646334e+00 1.50748269e+01 1.21657640e+01
 8.95183545e+00 2.01395575e+01 3.52269080e-01 9.74141132e-01
 2.24516388e+01 2.10088321e+00 1.63768069e+01 2.53837978e+00
 7.94500341e-02 2.68373968e+01 8.25301430e+00 7.93240334e+00
 1.64852463e+01 1.01059071e+00 1.64505429e+00 1.05854044e+01
 8.50070639e+00 9.53069244e+00 2.75584100e+00 1.27915941e+01
 7.72144150e-01 2.56867072e+01 1.29542721e+00 7.08379947e+00
 1.78000560e+01 3.71356958e+01 2.65244689e+01 7.43451374e+00
 1.56441311e+00 8.50948045e+00 9.57056503e-01 3.81836620e+00
 1.95468489e+00 9.51830561e+00 1.24012620e+00 1.56581131e+01
 5.00964887e-01 1.13761406e+01 3.20552562e+00 1.47320100e+01
 3.59460430e+00 3.24640122e+01 1.87162099e+01 1.97336460e+01
 1.60739332e+01 8.23690441e+00 1.27102321e+01 1.98581842e+01
 1.92205329e+01 7.18281769e+00 1.49296363e+00 2.62721455e+00
 1.46941208e+01 1.16463875e+01 2.81244975e+01 1.50686771e+01
 1.01991586e+00 2.90503431e+00 8.43553362e-02 1.39981406e+00
 1.35505270e+01 1.58655885e+01 2.83382684e+00 1.69399298e+00
 9.27296128e+00 1.49476119e+01 1.64422921e+01 1.93992129e+00
 2.02339829e+01 1.06932027e+01 2.66082194e+00 7.00826166e+00
 7.31306978e+00 5.06061173e+00 2.08536004e+01 4.72742107e-01
 2.14480203e+01 8.80032404e+00 4.79449946e+00 2.17624601e+01
 1.32387023e+01 7.37056104e+00 3.62973155e+00 8.87176999e+00