3.36273207e+00 1.68864291e+00 6.41466535e+00 1.52868271e+00
 1.18531525e+01 8.12864400e-01 4.34984983e+00 6.13249193e+00
 2.83047397e+00 1.51893277e+01 3.36979395e+00 1.32802754e+01
 6.67088662e-01 3.12865278e+00 2.11946109e+00 3.86331478e+00
 9.75311101e+00 5.43516569e+00 2.08988765e-01 4.36205971e+00
 2.56349284e+00 3.89262757e+00 6.44241611e+00 2.26361771e+01
 2.12341886e+01 1.62471354e+00 1.38510772e+01 8.33818943e+00
 2.46135511e+00 8.32827494e+00 2.88775297e+00 8.12246393e+00
 6.83750797e+00 2.79643398e+00 1.38914883e+01 3.66961792e-02
 5.68323442e+00 4.68110286e+00 3.00783522e+00 2.70971139e-01
 1.26881755e+00 3.13716716e+00 4.74694342e+00 7.15853271e+00
 2.08871140e+00 1.12730930e+00 3.91233421e+00 5.86578672e+00
 5.19169482e+00 1.40307055e+00 1.29240938e+01 5.76394228e+00
 2.36422449e+01 5.15028923e+00 8.12138776e+00 3.36260164e+00
 1.40700045e+01 3.62889825e+00 6.54662606e+00 4.08690005e-02
 2.05018392e+00 2.13870979e-01 3.36734594e+00 7.44113944e+00
 1.31059048e-01 2.40199109e+00 4.59892780e-01 5.74060260e+00
 6.79005479e+00 1.24503528e+01 1.05220450e+01 6.87090527e+00
 4.72906441e+00 1.50306233e+00 5.70231383e+00 4.21325545e+00
 5.96470316e+00 1.99810792e+00 1.97028729e+00 1.64468177e+01
 1.33511397e+00 3.29085807e+00 3.28826959e-01 2.34994305e+00
 3.18507482e+00 3.12895163e-01 9.95374684e-01 2.01542646e+00
 7.38367401e+00 2.98225429e+00 7.80818720e+00 1.41527848e+00
 2.64943215e+00 7.40300294e+00 4.77483048e-01 2.37665408e+01
 2.71519095e+00 1.62713539e+00 8.49394648e-01 9.06525051e+00
 4.96955147e-01 4.01460464e+00 2.44634839e-02 1.62607927e+00
 3.19090268e+00 3.13319254e+00 8.44148356e+00 6.19818283e+00
 3.74265823e+00 7.29923204e-01 3.61511426e+00 1.57038104e+00
 1.40474192e+01 1.94494522e+01 2.29072304e+00 2.30605807e+00
 3.17895855e-01 6.23167276e+00 1.05684549e+01 2.31412429e+00
 3.58603066e+00 7.19044624e-01 1.91379346e+00 1.08977514e+01
 1.38923212e+00 1.51324804e+00 3.11485326e-02 6.07807153e+00
 1.54104418e+01 1.76628868e+01 2.56071677e+00 1.53162696e+01
 2.44972071e+01 1.51218376e+01 1.68410346e+00 9.71441752e+00
 6.66709278e+00 2.36086084e+01 1.29863968e+00 7.82787247e+00
 1.72210929e+01 2.91194683e+01 1.13685209e+01 6.06098338e+00
 2.61407610e+00 8.76390005e+00 2.12794173e+00 1.70353822e+00
 1.14983221e+01 1.15500102e+01 7.43882212e+00 5.63055939e+00
 1.71398506e-01 8.12896897e+00 1.44928760e+00 1.18446997e-01
 8.90018228e+00 1.60461477e+01 1.17225592e+00 1.80055812e+01
 1.63328899e+00 1.34355698e+00 1.36778519e+01 1.51369536e+01
 4.12103999e-01 4.69946433e+00 1.64975820e+01 2.79128599e+00
 7.56249102e-01 8.18323220e+00 6.97530064e-01 1.12390983e+01
 1.50531773e+01 1.80609262e+00 4.24245495e+00 6.17397175e-01
 5.61179417e+00 2.52931452e-01 6.77744563e+00 1.79876776e+01
 6.37968510e+00 1.65792440e+00 5.89254877e+00 8.41247555e+00
 2.33669915e+01 3.96994541e+00 1.07026621e+01 5.26354415e+00
 2.02215377e+00 4.20107991e+00 9.64610933e-01 4.16447446e+00
 2.62171390e+00 4.95694094e+00 6.93833075e-01 7.85174090e+00
 6.01467699e+00 9.58680258e-01 9.72404392e-01 3.53310710e+00
 3.08169655e+00 3.83931823e+00 3.06347103e-01 8.99989177e+00
 5.28748974e+00 4.99059134e+00 1.18512617e+01 2.93796664e+01
 4.58407642e+00 3.52728401e+00 1.28605500e+01 8.10441565e+00
 1.90117972e+01 2.17762278e-01 6.18409945e+00 1.37148134e+00
 1.22938084e+00 5.71464412e-01 6.90316356e+00 5.10179043e-02
 7.86100779e-01 1.15423701e+01 1.06321077e+00 1.09642569e+01
 3.96645802e-01 4.60921108e-01 6.58323122e+00 2.11729295e+01
 1.68104637e+00 9.70295461e+00 5.33453847e-01 5.82100863e+00
 9.06737647e+00 2.58834967e+00 3.48429910e+00 1.87434093e+01
 4.54137150e+00 1.59386230e+01 1.63220402e+00 1.40754467e+01
 6.34262100e+00 2.88446796e+00 9.28513587e+00 9.35972977e-03
 3.14565482e+00 3.86274049e+00 1.45918211e+00 1.64298579e+01
 6.55890363e+00 9.33288007e+00 5.50359762e-01 2.43005973e+00
 6.08340421e+00 6.93371587e+00 1.77318337e+01 1.18546723e+00
 2.71974110e+00 1.50191289e+01 1.69652217e+01 7.14464930e+00
 1.98041034e-02 3.87056331e-01 6.72289770e-01 1.91265243e+00
 3.72656046e+00 1.56058764e+00 1.99792527e+00 3.70523964e+00
 5.79912192e+00 1.50574761e+00 7.71778748e+00 8.79459856e+00
 7.41173438e+00 7.76116042e-01 1.32023476e+01 6.06145790e+00
 2.71721856e-01 6.82857842e+00 3.69966524e+00 7.10000138e+00
 1.92004416e+00 3.90240996e-02 3.13651307e+00 1.54713996e+00
 2.76447686e-01 8.40340406e+00 8.79102189e+00 1.54906995e+00
 2.30743457e+01 1.33838560e+00 1.63964398e+00 2.66450545e+01
 8.32360579e+00 4.02983511e+00 2.09018408e+00 5.57638214e+00
 3.32059619e+00 2.20926144e+00 4.30204061e-01 2.04231889e+00
 1.07101211e+01 2.70526940e+00 8.74653303e-01 1.18187463e+01
 1.14823886e+01 1.57334552e+00 2.76476969e+00 9.54452198e+00
 9.16499815e+00 1.18418240e+00 4.77086491e+00 2.32628892e+00
 9.60186120e-01 1.54819740e+00 1.45299492e+01 6.51429201e+00
 9.82052839e+00 1.38379372e+00 6.48996045e+00 3.55479689e+00
 2.92079358e-01 1.14985339e+00 7.56617030e-01 1.71007041e+01
 5.24606444e+00 1.20123285e+01 7.93224368e+00 3.59656143e+01
 2.07931341e+00 2.42893040e+00 3.15997944e+00 8.42252641e+00
 1.04144376e+01 2.10947618e+01 2.40278606e+00 8.59767545e+00
 2.86952595e+00 4.92827559e+00 5.24315148e+00 3.40347890e+00
 2.02337345e+01 3.51521526e+00 4.30196271e+00 2.03994431e+01
 1.13770330e+00 5.71930439e+00 1.13451407e+01 7.68441393e+00
 1.14813401e+01 8.85284884e+00 9.13519377e+00 3.69701659e+00
 1.78991202e+00 3.52180816e+00 1.49610342e+00 2.05952893e-01
 6.35327666e+00 7.19351021e+00 1.45908161e+01 5.12459232e+00
 3.88329364e+00 6.12505711e-01 4.33623468e+00 1.06202981e+00
 4.39098641e+00 1.33741574e+01 2.10996637e+00 1.52070220e+01
 1.59425683e+00 7.05944895e+00 9.22477607e+00 3.77777109e+00
 1.04220905e+01 1.38412508e-01 2.48382138e-01 1.41306268e+01
 6.76177036e+00 4.35662863e+00 3.76774190e+00 1.66629023e+01
 1.88504115e+01 4.72255292e-01 1.59560265e+01 1.35402441e+01
 8.30567665e+00 7.38027706e+00 7.34900537e-01 2.13175495e+00
 1.28626534e+00 5.00162007e+00 5.70461796e+00 5.98773503e+00
 2.24279680e+00 3.76156902e+00 1.17250958e+00 1.78227025e+00
 1.78915426e+01 2.57350982e+00 1.92784745e+01 9.47220158e-01
 3.11701758e+00 3.79724483e+00 8.81582298e+00 4.21996270e+01
 4.65418741e+00 9.92543474e+00 1.03578200e+01 1.44697357e+01
 1.24959710e+01 3.14106443e+00 1.13357485e+00 2.25610872e+00
 9.67562696e+00 3.06892511e+00 4.29135170e+00 2.68660805e+00
 9.78154838e-01 7.27180979e+00 6.54700532e+00 2.49756113e+00
 5.64434662e+00 3.10031542e+00 2.36718273e+01 1.56367827e+01
 3.70251727e+00 8.33436755e+00 1.85590144e+00 7.47896798e+00
 4.37322146e+00 1.78432933e+01 1.17298231e+00 1.30028906e+00
 5.76378855e+00 7.42697451e+00 5.72131864e+00 4.94889251e+00
 2.84339104e-01 3.19184799e+00 6.54227524e+00 1.04225796e+00
 2.40540148e+00 2.05218135e+01 2.21163776e+01 1.93911337e+00
 7.87159768e+00 2.96276012e+00 7.87571270e+00 2.67734660e+00
 3.47063102e+00 1.62725087e+00 2.33864150e-01 3.38096130e-01
 2.57635259e+00 9.22382831e+00 7.97335952e+00 1.83426630e-01
 3.08513779e+00 8.55486956e+00 1.31416168e+01 1.53432103e+01
 6.34022943e+00 3.09616879e+00 4.33319802e+00 2.06913494e+00
 6.44544421e+00 3.77533484e+00 4.43849330e+00 2.74423061e+00
 2.89446351e+01 5.74630529e-01 1.35780939e+01 8.32502966e+00
 1.16689591e+01 1.39794842e+01 3.63107253e+00 2.79622883e+00
 2.50375567e+01 9.81201393e+00 4.46080152e-01 2.22534517e+00
 1.26865224e-02 5.36396699e+00 1.20012563e+01 1.88804826e+01
 4.19327919e+01 5.89763931e+00 3.77635289e-01 4.31860817e+00
 1.12102106e+01 4.42015245e+00 1.00183777e+01 2.02249980e+00
 3.39903425e+00 5.72653960e+00 1.64915320e+01 8.68819898e-01
 4.93298018e+00 5.02581077e-01 1.27376036e+00 2.12580165e+01
 7.03180868e-02 1.26930463e+01 6.56057184e+00 5.94391939e+00
 1.51832249e+01 1.45992131e+00 9.77558530e+00 1.96931863e+00
 1.19503696e+00 1.45826927e+00 6.82873312e+00 6.49849408e+00
 9.51586320e+00 1.01374746e+01 6.58397106e+00 2.73684485e+00
 1.31622702e+01 2.83700673e+00 1.86699753e+00 6.86854269e-01
 4.00061591e+00 5.72725310e+00 1.00067068e+01 9.69898673e+00
 5.44058126e+00 7.19693876e+00 9.09138425e+00 1.64986741e+00
 7.58345592e+00 7.76114618e+00 1.81138231e+00 6.28075711e+00
 3.25401614e+00 3.09840234e+00 2.65367553e+00 1.66010161e+00
 2.49474933e+00 6.14043889e-02 6.36403957e+00 1.43347174e+01
 3.48499601e+00 8.63012896e+00 3.03996892e-01 3.33981636e+00
 2.05575266e+00 4.84786736e+00 5.71105040e+00 6.41263502e-01
 5.37537637e+00 3.17310308e+00 8.97263549e+00 1.54016505e+01
 2.02412677e-01 1.19338335e+00 5.93649734e+00 5.01799540e+00
 9.34429655e+00 1.12769966e+00 5.08289488e+00 1.30000312e+01
 2.43944868e+00 1.69978159e-02 1.71989190e+01 4.95560922e+00
 2.48653743e+00 3.53530802e+00 2.48191166e+00 1.64743777e+01
 5.05306881e+00 1.21220174e+00 2.88770457e+00 1.77555145e+00
 2.23870106e+00 5.33868617e-01 8.79739786e-02 5.88880757e+00
 1.31977169e+00 5.40732033e-01 4.05345373e+00 4.53753856e+00
 1.23340903e+01 5.32346702e-01 6.57179989e-01 2.70121320e+00
 6.32260173e+00 1.16262342e-01 5.88046535e-01 6.87953574e+00
 4.71156081e+00 1.50814390e+00 2.00906012e+01 1.80814198e+00
 1.15585426e+01 7.84206508e+00 1.12094383e+00 1.34117668e+00
 3.06976997e+00 4.46759105e+00 1.54544714e+00 2.41209402e+00
 6.58127494e+00 1.00437142e+01 6.80132843e+00 9.45293164e+00
 1.70257719e+00 1.12943148e+01 1.52019550e+00 8.17538778e-01
 1.46102445e+01 2.16706574e+00 6.88970656e+00 4.65238957e+00
 8.39155258e+00 4.01077143e+00 2.89028405e+00 3.22226581e+00
 2.17146013e+00 5.09785247e+00 1.77776602e+00 1.69761826e-01
 3.87682363e+00 1.20587503e+00 4.46708361e+00 5.01910614e+00
 1.13084422e+01 9.09479077e+00 1.28863368e+00 5.82507509e+00
 6.48089645e-01 4.86692248e-01 3.35672057e+00 6.51695316e+00
 3.54924142e+00 1.71353966e+01 1.66754017e+00 1.06974234e+00
 8.58033836e+00 6.12505916e+00 1.78170100e+00 1.36839000e-01
 4.18410322e+00 3.64408468e+00 4.30571802e+00 9.51954426e+00
 2.29024280e+00 6.74779091e+00 2.64960076e+00 7.06994799e+00
 5.42788793e+00 1.88375129e+01 2.61691239e+01 4.23789690e+00
 5.76585449e+00 1.58688498e+00 1.17735332e+01 1.78197186e+00
 1.29774255e+01 8.46666275e+00 1.19779748e+01 1.97623915e+00
 8.08448246e+00 1.22590863e+00 1.25707674e+01 6.41031787e+00
 1.66837299e+00 7.40553344e-02 1.09649663e+00 2.73890872e+00
 4.28030892e+00 7.25630550e-01 2.53833403e+01 1.18625230e+01
 4.87893150e-02 1.09458900e+01 4.71125484e+00 4.27876561e+00
 7.44843169e-01 1.94581588e+00 6.80933280e+00 7.78356215e+00
 1.19466965e+01 2.40422117e-01 2.53745374e+01 4.06324451e+00
 1.02993042e+00 2.00330353e+01 8.10910392e+00 1.31541042e+00
 1.29632276e+01 9.79854879e+00 3.64091055e+00 3.91679593e+00
 2.10346190e+00 2.54519445e+00 6.26151749e+00 8.42478412e+00
 6.17920193e+00 1.14256900e+00 1.41894598e+01 4.33768319e+00
 2.47817112e+00 3.33973263e+00 2.22872398e+00 1.46698005e-01
 2.66946344e-01 1.26620783e+01 5.30810527e+00 6.66741984e-01
 1.17771354e+00 8.95648774e+00 1.00153947e+01 1.23050829e+01
 8.32252826e+00 4.54652973e+00 3.69300288e+00 9.54356260e-01
 1.01129649e+01 1.34590133e+01 5.76558216e+00 2.94426588e+00
 1.90989530e+00 1.93944539e+00 3.73591109e-01 8.66855648e+00
 1.17965291e+00 2.64418864e+01 6.19464891e+00 9.53902311e-01
 7.12579844e-01 8.11785696e+00 2.63460781e+01 2.92642408e-01
 8.58500306e+00 3.51511257e+00 1.57250812e+00 5.16848731e+00
 3.45752663e+00 5.51862410e+00 3.03203498e+00 1.74329769e+00
 7.36655425e-01 3.25282469e-01 2.18099260e+00 2.51912361e+00
 2.46947567e+00 1.03636334e+01 1.93340186e+00 5.42113620e+00
 6.69633773e-01 3.98928562e+00 4.78993218e-01 1.41969425e+00
 6.43868531e+00 4.18005621e+00 4.17673437e+00 7.04190032e+00
 5.48308934e+00 3.33773534e-01 4.58359599e+00 3.40810965e+00
 6.09767089e+00 3.40944930e+00 3.27602764e+00 1.72704314e+00
 6.15806906e+00 4.90807647e+00 7.10903660e-01 1.88886464e+01
 5.34511637e+00 1.12014226e+01 1.14199146e+00 6.52920871e+00
 6.37787945e+00 1.42517352e+01 2.06270210e+00 4.46945929e+00
 1.31323386e-02 3.04198878e-02 2.73561943e+00 1.72090581e+00
 4.66322103e+00 2.44844545e+00 7.52123236e+00 9.62265504e-02
 5.05335383e+00 2.47192142e+00 4.32892768e+00 3.33648667e+00
 6.84121090e+00 7.45624405e+00 2.55615910e+00 9.33282302e-02
 2.43025929e+00 1.10071008e+01 4.19523353e-01 9.97860090e+00
 3.16570446e+00 4.24433987e-02 4.45625929e+00 5.94979406e+00
 2.56643085e-01 5.49088979e+00 1.10751206e+01 5.68742178e+00
 2.06135728e+00 1.53817632e+01 3.37697875e+00 9.58450193e+00
 4.26154481e+00 9.32990654e-01 1.69982343e+00 1.03367556e+01
 2.49355407e+00 5.86009222e-01 6.16211053e+00 7.91457095e+00
 6.79762585e+00 5.30076083e+00 8.80872518e+00 3.46837589e-01
 2.96167024e+00 3.38318441e+00 9.28860859e+00 5.67223074e+00
 8.34806654e+00 3.99144577e+00 2.51793562e+00 2.18206209e+01
 2.34320160e+00 6.50839981e+00 5.64706079e+00 4.30835827e+00
 8.88283521e+00 2.20057359e+00 2.69839238e+00 2.75430680e+01
 3.05096212e+00 1.87979467e-01 5.16361180e+00 9.28777029e+00
 5.36586298e+00 1.50640412e+01 1.93381207e+01 1.33887597e+01
 1.39354034e+01 4.11895304e+00 5.80609295e+00 4.05916362e+00
 4.34789600e-01 1.34186129e-02 9.40239089e+00 2.40611869e+00
 2.74077261e+00 4.63055914e+00 1.58478583e+00 4.69304298e-01
 1.23691088e+01 1.31130152e+01 1.42349033e+00 1.58699712e+01
 3.60977774e+00 1.25895263e-01 1.33676054e+01 8.36916286e+00
 3.73378478e+00 3.07452347e+00 8.03141436e-02 9.81094452e-01
 4.77816575e-01 2.42547960e+00 7.31298900e+00 8.22249053e+00
 8.27996386e+00 1.52778266e+01 4.83007195e+00 2.96008992e-01
 3.41666162e+00 8.74288274e-01 1.35960711e+01 2.66970881e+00
 5.90523050e+00 2.65915939e+01 9.24164604e+00 6.25818343e+00
 1.60744955e+00 6.84526939e+00 4.52030177e+00 1.09882519e+01
 4.14190278e-02 5.59531121e+00 8.32330358e+00 2.08560105e+00
 1.21474820e+00 8.78158579e+00 1.38990584e+01 1.57099434e+00
 1.07523630e+01 1.00762197e+01 2.75843576e+00 7.10890038e+00
 2.13605107e+01 2.87797856e+00 3.31057716e+00 5.09264111e+00
 3.77518491e+00 9.10036355e+00 1.87415780e+00 1.61862102e+00
 6.05610273e+00 2.38428699e+01 4.64187353e+00 6.51566031e+00
 2.72178389e+01 9.47938574e+00 1.00301827e+01 4.54385461e+00
 1.11303826e+01 1.06973626e+00 3.68680155e+00 3.93175895e+00
 1.87477491e+00 1.21663521e+01 3.55724544e-01 1.06784375e+01
 3.98693318e-01 1.49256033e+01 1.08682020e+01 3.03420929e+00
 4.43706586e+00 1.27807336e+00 3.27230446e+00 2.16051194e+01
 6.37637191e+00 1.43245857e+01 2.45082353e+00 6.94165489e+00
 5.69093164e+00 2.41880900e+00 2.02222316e+01 4.65906248e+00
 6.81046020e-03 1.71120084e+01 5.77675781e+00 1.30254868e+01
 3.19684013e+00 6.88242533e+00 9.11737700e+00 1.07100823e+01
 6.73485936e+00 6.42093942e-02 2.99367397e+00 1.63601195e+00
 9.58038521e+00 1.63083321e+01 5.16511145e+00 1.45638412e+01
 1.81700251e+01 9.44430221e-01 2.67850893e-01 4.59264892e+00
 3.64951582e+00 6.86920890e+00 8.78250440e+00 6.25166220e+00
 8.44338402e+00 1.50358151e+01 6.60073485e+00 5.04662252e+00
 5.21730645e+00 7.96949413e+00 7.51786259e+00 6.06662298e+00
 1.07951343e+00 6.22059587e-01 1.77034281e+00 8.98817129e-01
 3.54836565e+01 4.13128091e+00 1.43918365e-01 1.23869746e+00
 3.06052640e+01 5.21242873e+00 3.77641282e+00 5.38264234e+00
 8.49848272e-01 6.24728557e+00 1.00039288e+01 1.11204716e+00
 3.49122061e-02 3.45014596e+00 8.98194934e-01 8.55371090e+00
 1.25334816e+01 4.08892381e+00 4.52064053e+00 2.09328184e-01
 3.01207046e-01 1.02216133e+01 1.16576074e-01 4.44760893e+00