1.14127544e+01 7.47212768e+00 1.22981389e+01 4.18287910e+01
 1.16333365e+00 1.55755669e+01 3.90729786e+00 1.39206816e+00
 6.88393249e-01 1.26253149e+01 7.89379963e-02 1.57573778e+00
 1.36558792e+01 2.87131490e+00 6.89507067e-01 6.18767568e+00
 9.69138560e+00 3.05567450e+00 1.73989475e+00 2.51063679e+00
 2.95691146e+01 5.90083896e+00 4.29410171e-01 4.15654982e+00
 3.98065181e+00 1.59332575e+00 1.22716209e+01 1.37301385e+00
 6.21058288e+00 2.25369735e+01 2.02332846e-01 1.07351218e+00
 1.43945046e+01 9.17859853e+00 1.15801383e+00 1.27240560e+01
 1.17363758e+01 7.18228421e+00 1.24345244e+01 1.33331652e+01
 1.25680333e+00 6.91789461e-01 2.72475796e+00 1.37251275e+00
 8.61800567e+00 1.27156033e+00 1.91134656e+01 2.69930722e+00
 4.63121919e+00 7.89620491e-01 2.43602629e+01 1.23819747e+00
 1.79736461e+01 1.72231330e+00 5.29160269e+00 7.64737058e+00
 8.94556453e+00 1.85604884e+00 2.52359655e+01 1.48579992e-01
 1.86319677e+01 1.71322066e+00 2.97403885e+00 1.26802867e-01
 2.43161038e+01 2.83472752e+00 9.11651384e+00 1.49258109e+01
 1.79471915e+01 5.32878149e+00 9.92857486e+00 1.95005996e+00
 1.32146146e+01 1.71879294e+00 6.54167751e-01 8.52867711e+00
 7.07678863e+00 4.45814415e+00 2.50932814e+01 1.98373781e+01
 6.74051154e+00 7.24885568e-01 6.14369671e+00 4.42894505e+00
 2.72103615e+00 1.75407069e+00 2.14320595e+00 4.15376121e+00
 7.42744955e+00 4.98535149e+00 5.22747778e+00 4.21701217e+00
 4.91857588e+00 5.93387921e+00 9.55048789e+00 2.98468540e+00
 4.18156493e+00 3.00035814e+00 1.20152916e+00 4.43484132e-01
 7.95188065e+00 3.89632342e+00 1.49048146e+01 7.25241400e+00
 1.64223841e+00 9.14211355e-01 2.58631927e-01 4.86045348e+00
 1.63249685e+00 3.29341265e+00 8.38965659e+00 2.06747747e+00
 1.38435960e+00 2.06030285e+00 3.35851033e+00 2.07204568e-01
 1.58312865e+01 3.97374650e+00 1.18296884e+01 4.66543879e+00
 1.90342415e+00 7.25455923e+00 2.41601527e+01 1.29549830e+01
 8.84239227e-01 6.80451512e+00 1.71075226e+00 2.78524811e-01
 7.83416318e-01 1.75404768e+00 1.46213640e+01 6.14838967e+00
 2.56839630e+00 2.59347310e+00 7.89117586e+00 1.31749086e+01
 8.88674894e+00 4.97313701e+00 1.88297558e+01 3.52063380e+00
 2.91821242e-01 4.57792664e+00 7.34581177e+00 1.31319915e+01
 1.48568185e+01 2.26416818e+00 1.04587803e+01 8.17822044e+00
 5.63018794e+00 3.18439949e+01 2.74268995e+00 1.67747721e+01
 1.02462648e+01 2.18803867e+00 3.81427784e+00 2.29047408e+01
 7.18893037e-01 4.09452219e+00 5.55958933e+00 1.47578669e+01
 3.79109077e+00 2.07956647e+00 7.03006967e+00 3.56640987e+00
 3.80850031e+00 8.63017479e+00 6.64940652e+00 1.39665614e+01
 4.18612894e+00 2.48498438e+01 5.24001591e+00 8.55861773e-01
 4.50372681e+00 4.03878205e+00 3.01408846e+00 1.58861801e+00
 2.71174127e+00 2.70466311e-01 1.43317268e+00 2.36467458e+00
 3.54525242e+00 3.28458292e+00 4.26232750e+00 1.12259654e+01
 2.84939927e+00 1.55591203e-01 1.58227121e-01 2.47088790e+01
 9.51139242e+00 4.05255624e-01 5.12716472e+00 4.53938051e-01
 1.81232448e+00 9.91425371e+00 1.14491991e+01 6.45630536e+00
 5.20264838e+00 3.64577773e+00 3.33793588e+00 4.54019169e-01
 1.82473969e+00 4.05546388e+01 3.01454032e+00 4.60668125e+00
 1.05440835e+01 1.83015144e+00 7.03101401e+00 4.63721711e-01
 5.08710024e+00 3.37816993e+00 1.76145108e-01 1.65208709e+00
 3.17463200e+01 4.57784328e+00 2.55141471e+01 1.72074755e+01
 8.47462890e-01 1.58382120e-01 1.89462145e+00 1.18760470e+01
 1.65987744e+00 1.82354336e+00 8.58612694e-02 1.66620352e+00
 1.44787481e+01 9.90706305e+00 5.88777837e-01 5.52002399e+00
 7.14333979e+00 5.69991381e+00 3.66624914e+00 1.70007596e+01
 7.11713519e+00 5.63282602e+00 5.32670604e+00 1.12179053e+01
 4.82747310e+00 2.43235266e-01 1.61649970e+01 2.29338730e+00
 5.00753318e+00 2.89524764e+00 4.28206675e+00 1.67519837e+00
 1.64209269e+00 1.13488552e+01 8.10665503e+00 5.03963234e+00
 1.24384622e+00 2.11297048e+00 1.37767162e+01 3.66570308e+01
 7.67701197e-02 9.10756398e+00 7.08142920e+00 5.44352715e-01
 2.57632294e+01 1.83209410e+00 2.83772850e+01 3.05843336e+00
 5.65595921e+00 1.71449339e+01 1.00404410e+00 2.14814883e+00
 5.72694196e+00 5.82388032e+00 7.96626357e+00 5.92887813e+00
 5.39371402e+00 2.16354294e+00 5.12982059e+00 1.06611360e+01
 1.30867002e+00 1.95020957e+00 1.17530327e+01 1.79709684e+00
 7.06587693e-01 1.45872586e+01 1.65407544e+01 6.47033488e+00
 3.30253962e+00 1.34227092e-03 1.11519047e+01 4.45234329e+00
 1.40003259e+00 7.50514842e+00 7.75710968e-01 4.14825359e+00
 3.33634589e-01 2.21782306e+00 1.29121418e+00 2.78404773e+00
 1.12462625e+01 1.26525939e+01 3.47815802e+00 6.07273621e-01
 1.36751407e+01 5.01756221e-01 5.76357216e+00 4.09203049e+00
 3.07863260e+00 1.51486671e+01 1.62987427e+01 5.74599005e+00
 6.39444621e+00 2.21187543e-01 1.58729619e+01 1.12495392e+01
 3.20792527e+00 6.16702952e+00 1.56298234e+01 8.53907019e+00
 3.60261709e+00 6.20463471e+00 9.66540310e+00 2.05280437e+01
 2.29149585e+00 1.84606510e+00 4.13635685e+00 1.15223907e+01
 1.06906913e+00 1.26030337e+01 4.17429833e+00 1.49500881e+01
 2.28050852e+00 2.57494471e+00 1.91050169e+00 3.00940833e+00
 1.04368778e+00 6.37134494e-02 6.18743406e+00 9.92901850e+00
 2.76194463e+00 1.44664550e+00 2.04715041e+01 5.14956383e-01
 1.90060640e+01 4.86051316e+00 2.01298777e+01 5.88705968e+00
 2.36906969e-01 3.69561514e-02 1.17029911e+01 7.17395976e+00
 1.13287196e-01 5.70473035e+00 2.41456353e+00 2.22446517e+01
 5.74303948e+00 1.42093647e+01 7.51904577e+00 7.10560498e+00
 8.96994271e+00 6.59337526e+00 6.61368090e+00 1.94644347e+01
 1.20974831e+01 2.20941674e+00 3.88957365e+00 3.70091621e+00
 1.76019939e-02 6.22331069e+00 9.09182081e+00 1.22610251e+00
 6.52082228e+00 2.04562963e+00 3.00393042e+00 1.92371665e+00
 2.42386222e+00 2.41579727e+00 1.07997071e+00 2.03610529e+00
 2.82019438e+01 1.64556982e+01 6.64987062e+00 4.82832303e-02
 2.55307518e+01 2.64612676e+01 3.00532156e+00 4.24252757e+00
 9.76037799e+00 4.89605217e+00 7.70047300e+00 9.66689939e+00
 1.14730772e+01 6.59817635e+00 1.63196391e+01 1.14084867e+01
 1.31235604e+01 1.74536848e+00 3.34751670e+00 7.64667894e+00
 8.71840074e+00 1.22364036e+01 1.52274832e+01 9.18426551e+00
 5.56399455e+00 1.93005441e-01 1.03540452e+00 7.39887120e+00
 8.69887581e-01 8.10199625e+00 6.74973419e+00 3.01856568e+00
 7.62956039e+00 3.10720386e+00 3.70433618e+01 1.45708806e+01
 1.49585536e+01 3.32978103e+00 9.09126127e-01 3.55662379e+00
 3.02591269e+01 1.54619528e+01 9.51268514e-01 2.62581368e+01
 1.10329730e+00 1.57067664e+01 2.67630643e+00 1.03313115e+01
 6.43717415e+00 8.91500401e+00 4.80238310e-01 1.97301844e+00
 8.34373932e+00 2.19511057e+00 1.59816455e+01 2.11408286e+01
 3.61067432e-01 9.22722257e-01 1.05974923e+01 3.53196626e+00
 7.55227712e+00 1.22312809e+01 1.24676287e+01 6.39514556e-02
 4.39676350e-01 4.13292498e+00 4.08287996e-01 1.31983285e+01
 6.46106855e+00 4.48549741e+00 7.51110238e+00 1.97964753e-01
 4.25185992e+00 7.64401076e+00 5.47880532e-01 1.70434970e+01
 8.70580221e+00 2.57663768e+00 2.18473960e+01 1.26953582e-01
 3.46693706e+00 9.26409003e+00 4.04533538e+00 2.48831703e+00
 6.68314771e+00 2.73729774e+01 6.96358238e+00 1.43287082e+00
 3.52344849e+00 1.44011502e+01 2.11009659e+00 1.79460788e+01
 3.20506928e+00 3.39376483e-02 2.96125957e+00 9.23570027e+00
 8.86390412e-01 6.54507836e+00 2.97834050e+01 7.18031165e+00
 1.77726677e+01 2.37788231e+01 3.92163598e+00 3.10185868e+01
 2.98619709e+00 1.36923854e+01 1.13359703e+01 9.95842462e+00
 2.27809198e+00 1.88356257e+00 1.27847335e+01 1.58474093e+01
 4.69578339e+00 4.28462050e+00 7.06842230e+00 2.18688399e+01
 5.55668305e+00 2.13700913e+00 1.88661587e+01 1.03757928e+01
 9.52987194e+00 1.58005251e+00 1.72193678e+00 3.72348198e+00
 4.35174907e+00 1.79518962e+01 1.88562242e+00 2.54172104e+00
 1.03225969e+01 1.95043883e+00 2.99917686e+01 1.43069408e+00
 7.80117233e-01 4.39074069e+00 1.03855633e+01 5.13756601e+00
 2.16589042e+00 2.85695878e+01 1.74960182e+01 3.57497377e+01
 1.27887588e+01 2.23473298e+01 4.35443193e+01 1.76111141e+00
 6.32072442e+00 1.37653723e+01 6.21990699e+00 5.76825588e+00
 6.76080949e-01 1.15438621e-01 7.27238050e+00 8.16521863e+00
 1.65107376e+00 7.66749593e+00 6.87580639e+00 2.36881764e+01
 3.23714590e+00 3.93211543e+00 1.68488568e+01 1.87487680e+01
 1.68610238e+00 1.54572689e+00 2.03898173e+01 3.43704187e+00
 8.79258190e+00 2.97389089e+00 2.11085927e+00 5.06826871e+00
 1.03512420e+00 1.32627784e+00 7.80376545e+00 1.28949176e+01
 6.22203003e+00 2.83593171e+00 2.86779650e+00 2.79498576e+00
 3.76325311e+00 5.67703153e-01 4.33324687e+00 5.58860395e+00
 3.32889604e+00 2.00424892e+01 2.94436626e-01 5.88124785e+00
 1.91332402e+01 3.29755469e+00 1.06711524e+01 1.12596443e+01
 6.88466528e-01 1.23476029e+00 2.82368583e+01 4.59966138e-01
 4.14073933e+00 7.39883323e+00 9.38137248e-02 3.91941417e+00
 4.53133039e+00 8.98954642e+00 1.04039657e+01 3.44653229e-01
 8.12041135e+00 2.84988398e-01 4.33386431e+00 9.98141903e-01
 4.05336249e+00 4.42166995e+00 2.95617976e+00 2.61980348e+00
 1.17782993e+01 3.34530802e+00 2.30337916e+00 8.67798689e+00
 1.26712541e+01 6.16769559e-01 1.18853795e+01 6.06940291e+00
 3.01939069e+00 3.01690916e+01 2.13756009e+01 6.78055166e+00
 7.01331988e+00 6.19273484e+00 4.27475341e-01 1.53626915e+01
 7.33413820e+00 2.57987541e+00 3.88600123e+00 6.30441298e+00
 6.97196578e+00 1.27224362e-01 8.14768717e-01 8.47597269e+00
 4.69755523e+00 7.87290623e+00 1.13036784e+01 2.10573061e+00
 8.51402700e-01 1.21286671e+01 1.84647282e+00 5.01507542e+00
 2.61443155e+01 7.71742843e+00 3.85877796e+00 5.27162884e+00
 1.20950232e+01 7.31610685e+00 5.25132277e+00 4.59116545e+00
 4.60236812e-01 8.39286569e-01 1.39170617e+00 3.47790104e+00
 2.93862020e+00 6.80340318e-01 7.42294895e+00 1.05634882e+01
 2.28749732e-01 1.32665158e+00 3.17466843e+00 1.61028565e-01
 2.43843431e+01 4.37043510e+00 7.65228225e+00 4.18137047e+00
 1.61975556e+00 1.83947089e+01 1.96007442e+00 1.53288680e+00
 5.92982596e-01 6.84188832e+00 8.57631679e+00 1.95151890e-01
 1.74616225e+00 4.51897156e+00 3.05660608e+00 5.07995602e+00
 4.89273692e+00 2.04522012e+01 1.06993729e+01 1.56951074e+00
 4.91136848e+00 9.40637842e+00 1.68734565e+01 3.69303810e+00
 1.45588108e+00 1.09620456e+01 1.42298294e+01 4.95138558e+00
 4.76471556e+00 3.53427514e-01 2.84406154e+00 3.33373682e+00
 4.02949162e+00 4.03190457e+00 1.43116098e+00 1.43106697e+01
 9.59723413e+00 4.71758889e+00 9.63275676e+00 7.97129992e+00
 5.39091412e+00 9.33408339e+00 5.01013065e+00 1.97974798e-01
 1.15252251e+01 7.44484862e+00 9.91699905e+00 1.28439093e-01
 8.38657441e+00 2.08000662e+00 4.36036713e+00 2.71632027e+00
 3.51008376e+00 9.05409005e+00 5.64267167e+00 1.37799314e+01
 1.91149835e+00 1.01726128e+00 1.19261405e+01 1.80228952e+00
 5.71977494e+00 3.80083637e+00 2.33756791e+00 1.25372182e+00
 7.03014607e+00 1.55328819e+01 6.52667665e+00 2.31808698e+01
 1.68330800e+01 1.02273869e+00 3.08692678e+00 1.07993417e+00
 1.83833027e+00 3.28569289e+00 2.58516437e+00 6.14694264e+00
 2.44112685e+00 2.33859919e+00 1.54761580e-01 1.64501764e+01
 1.54880831e+01 2.15890166e+00 1.21119963e+01 8.94154612e-02
 2.18759395e+00 3.91081952e-01 2.79184274e+00 1.28741228e+01
 8.39269480e+00 1.43815512e+01 2.99448782e+00 2.13202041e+00
 3.21746904e+00 1.58069566e+00 5.72753363e+00 8.94278163e+00
 9.00449756e+00 7.15821045e+00 1.14478849e+01 1.50253670e+01
 1.16174249e+01 1.00343023e+01 6.68691646e+00 8.76797137e+00
 8.40547395e+00 4.29348076e+00 2.47781053e+00 3.90249632e+00
 3.19727448e+00 1.60926696e+01 3.46078194e+00 1.59672912e+00
 2.01954886e+00 8.37976310e+00 9.94624554e-01 4.03109093e+00
 8.25688562e+00 5.26913494e-01 3.28196147e+00 3.37489230e+00
 2.38772194e+00 1.51417745e+01 2.00038856e+00 1.35651954e+01
 9.46584048e+00 1.44110237e+00 4.40163820e+00 8.08050975e+00
 4.29119960e+00 1.70967091e+01 2.88220436e+01 2.58507008e+00
 1.31267543e+00 7.42001908e-02 1.25256282e+00 1.23723190e+01
 1.66575535e+00 1.43525747e+01 2.69074674e+00 4.81648510e+00
 2.06708114e+00 3.54780532e+00 6.42566345e+00 1.18513862e+01
 1.44028460e+01 2.80177581e+00 5.87606355e+00 5.45504812e+00
 1.16474612e+01 4.21184560e+00 2.15151102e+00 1.64847376e+00
 4.56515057e-01 4.51906533e-01 3.60961839e+00 2.38204728e+00
 1.80180871e+01 6.21591692e+00 7.71539026e+00 9.54346280e+00
 1.23654861e+01 4.74845816e+00 2.74581974e+00 2.24033207e+01
 9.95576459e-01 1.16837333e+01 4.42268471e+00 1.27313862e+01
 3.20819811e+00 8.27286083e+00 6.06117746e+00 8.16009151e+00
 1.22036888e-01 2.18886700e+01 1.34774577e+01 3.25626733e+00
 9.92880719e+00 8.15824958e+00 2.07277672e+00 5.57006779e+00
 3.66637006e+00 4.10877840e-01 8.25313103e+00 1.42073618e+00
 3.89640535e+00 6.08292632e+00 1.47971324e+00 9.16226760e+00
 4.64373294e+00 2.76398590e+01 1.20671841e+01 2.24882727e-01
 2.34324053e+00 1.91500458e+01 3.02988114e+00 1.33903193e-01
 9.58021000e+00 3.31900147e+00 1.00853730e+00 2.92076380e+00
 1.47252083e+00 2.06437484e+00 1.21801733e+01 4.89178269e+00
 9.86295630e+00 1.63780766e+01 1.87240271e+00 2.01720323e+00
 2.14325510e+00 3.32165864e+00 2.16107876e+01 6.84092949e+00
 9.32732232e+00 4.24123807e-01 3.49710827e+00 9.21330005e-01
 2.45724033e+00 1.19353953e+01 5.97600621e+00 2.72579820e+00
 6.43295204e-01 3.62817384e+00 1.84770055e+00 1.56152264e+01
 2.21968512e+01 7.92583796e+00 1.09610819e+01 2.11194579e+00
 2.15283516e+01 4.80567071e+00 6.88603673e+00 2.27382915e+01
 2.81931151e+00 5.89812136e+00 9.17554730e+00 1.55029411e+00
 1.98849372e+00 2.80308884e+00 1.39933799e+01 3.72774274e+00
 1.08801647e+01 2.23722754e+00 5.06329778e+00 2.44193411e+00
 2.62703183e+01 1.65400372e+00 9.40946638e+00 3.16949332e+00
 5.95916723e+00 5.21362083e-02 3.30727265e+00 1.69607830e+00
 9.82865832e+00 1.61451017e+01 6.91388706e-01 1.43440809e+00
 6.37770175e+00 6.20025626e+00 2.44179406e+00 3.38524595e+01
 8.04543406e+00 1.44945355e+01 3.45165202e+00 5.23274028e+00
 3.20618766e+00 1.34900749e+01 1.61290177e+00 2.42132677e+00
 6.44007069e-01 1.31069265e+00 6.48590247e-01 4.24553304e+00
 6.97525874e+00 2.67999273e+00 2.56145052e+01 4.37299409e+00
 2.96544762e+00 2.96881497e+00 6.93194696e-02 1.34581375e+00
 1.51934575e-01 4.93523495e+00 2.56621870e+00 8.69613765e+00
 4.07322023e+01 2.94689832e+00 9.67908289e-01 8.06727702e+00
 5.61003528e+00 5.80178640e+00 3.85441611e+00 1.65722247e+01
 1.62141944e+01 1.30852374e+00 7.05407957e+00 8.62430265e+00
 9.27446160e+00 3.43966917e+00 2.89150631e+01 1.24034612e+01
 2.40916630e-01 9.64791086e+00 4.70228214e+00 1.35244177e+01
 3.00147874e+01 4.08887561e+00 2.08441718e+00 3.59098778e+00
 4.26303867e+00 7.96450784e-01 7.25517685e+00 6.10019899e+00
 4.11898961e+00 2.72433894e+00 6.18474452e+00 1.68863841e+01
 2.18467065e+00 4.04473980e+00 2.68856657e-01 4.09212373e+00
 5.18625242e+00 3.05474331e+00 2.48662013e+00 5.51289645e+00
 3.24904568e+00 2.37859278e-01 1.90085797e+01 9.40558450e+00
 7.64054251e+00 1.25786264e+01 3.96108262e+00 4.72408260e+00
 6.16014754e+00 8.04311435e+00 5.38123665e+00 1.81436602e+00
 1.21255019e+00 1.65323268e+01 2.29990420e+01 1.42756703e+01
 1.57791045e+00 9.72586107e+00 9.17989199e-01 2.40112793e+01
 1.47201857e+01 8.09489045e+00 1.20103084e+01 5.66782219e-01
 1.98964263e+01 1.05504995e+01 9.47078151e+00 1.04841145e+01
 2.12659665e+01 1.13066830e+01 3.54685269e+00 5.66376837e+00
 1.67308034e+00 2.75986440e+00 6.19248606e+00 1.59604384e+01
 1.85776823e+00 5.15924671e+00 5.70836728e+00 3.89325416e+00
 1.46204136e+00 6.58080794e+00 7.14011552e-01 2.30814569e+01