 9.1767489  10.99839187 10.12647588  9.12201989  9.38437057 10.72887418
 10.44263765 10.36862952  9.81926758  9.74970649 10.47240875 10.18072724
  9.99620963  9.92292354  9.18946343 10.55464359 10.78300765  9.23874519
  9.85915861 10.29346576  9.55641817  9.74318895  9.70563899 10.3645234
 10.77463819 10.78717345  9.60133576 10.80936429  9.3509817  10.15135573
  9.39356765  9.6041871   9.61074277 10.15555682 10.76677271 10.31989913
 10.98285594  9.50237942  9.50670135 10.10443348 10.67684145  9.19589347
  9.94501544  9.85407906  9.43825274 10.28582305 10.18486025 10.30604266
  9.7791029  10.27921152 10.56702154 10.1904859   9.10174826  9.04755617
 10.20076431 10.75276893  9.44553891 10.96136554 10.94463121  9.85237405
  9.32315846 10.00789407  9.82971349 10.2273392   9.53215727 10.64209492
  9.43910779  9.48248519 10.40884802  9.37584254  9.92169344 10.89517592
 10.73717283 10.75695766  9.8663802   9.76457098 10.03617336  9.70730318
 10.83034105 10.26244332  9.61894628 10.38746235 10.28415039  9.83251905
 10.72738493  9.10040259 10.27578731  9.90186938 10.41287649 10.69808297
 10.74604084 10.30810337 10.75225541  9.75850714  9.82215809 10.18244556
 10.50545108 10.14147405 10.77547329 10.56228273  9.69864617 10.32165956
  9.24557312 10.50245702 10.62892426 10.08433358  9.32358842 10.91855781
  9.613234   10.26067318 10.95559791 10.53337324 10.05294524  9.81707987
  9.34758422 10.94060372  9.43103216 10.77314881  9.25073895  9.07360003
  9.04238606 10.20096078  9.86658657  9.27680969 10.38201155 10.27166347
 10.45016703  9.71953443  9.67662976  9.63576162  9.22406679  9.79934568
  9.6870877  10.86146524 10.97046397  9.46918425 10.372188   10.00201844
 10.12399788  9.01363311  9.61194561  9.93916051  9.999588   10.61887122
  9.03408344 10.26160382  9.86418546 10.30246323  9.31675059 10.78639113
  9.91614231 10.44312347  9.48160233  9.4168887   9.02146079 10.12832597
 10.50075119  9.07883334  9.83758122  9.92946114  9.94518168 10.22980028
 10.17289396 10.29558261 10.3340892  10.00845203  9.47998917 10.91290462
 10.27865618  9.80709162 10.54489151  9.57631706  9.19794751  9.70827597
 10.37212967  9.75597744  9.49647744  9.01605007  9.55745942  9.82476206
 10.90113425  9.76307638  9.39256673  9.74535012 10.8688443  10.00491897
 10.95793405 10.83617454 10.38085871  9.46809383 10.59296016  9.29976397
  9.9451216   9.79280896 10.07845188 10.86313101 10.60238402 10.86460568
  9.3013641   9.74890501 10.33443433 10.10232442  9.01810908  9.65157392
  9.94854031  9.17471515 10.68720349 10.96977764 10.38844629  9.03191054
 10.96191216  9.29895599 10.63098055 10.08108335 10.14274188 10.3576065
  9.05512773  9.13175382 10.90491773  9.19579825 10.69092041  9.87843824
 10.26815833  9.37309642 10.52188031  9.5983686  10.17911627  9.33941034
  9.66547054  9.23095942 10.68692458  9.50646564  9.20374805  9.75842781
 10.92848209  9.22854019  9.6594722   9.06975794 10.71181788 10.68607612
 10.98823011 10.35804419  9.24405903  9.30492512 10.40532422 10.62884091
  9.19143399 10.12139855  9.63598813  9.25496594  9.68657723  9.82491846
  9.55950853  9.74278113 10.92839547 10.78380394  9.52160918  9.61611814
 10.35748438  9.88869516  9.31349875 10.9481046   9.80895082 10.76294695
 10.03337476  9.94086607 10.51464909  9.43943632 10.98696325  9.88271373
  9.59349488 10.32581855  9.27177816  9.77771444 10.550688   10.24004639
 10.69648539  9.60612904 10.78160398  9.87194313  9.63709832 10.88556497
 10.58363012  9.39792833 10.17824861  9.81109085 10.74680391 10.58072032
 10.50034288  9.31292231 10.62823749  9.5869232   9.95679711 10.9774479
  9.47815117  9.68741725  9.94834475 10.65410313  9.54013516 10.83316657
 10.94470265  9.28113017 10.38336238 10.19190745  9.7142295   9.29539374
 10.16094867  9.85490926  9.78844688 10.65238811  9.22683263  9.40845635
  9.6633406  10.48175276  9.2865482   9.79588642  9.96563489  9.01114012
  9.26931783 10.01376217 10.33976594 10.02573427  9.09311573  9.95085585
 10.46565476 10.61958415 10.65131191  9.0343968   9.51908491  9.71694902
 10.12910031 10.97811046 10.67831771  9.17326163 10.53749258  9.51906173
  9.7272637   9.91366156 10.85343756 10.00211533 10.88389753  9.68500609
  9.14388177 10.91126736 10.01970028 10.86017042 10.7953044  10.07755035
  9.72609694  9.05993349 10.03754256  9.87808031 10.02809194 10.15695101
  9.57673453  9.1077407  10.63738413  9.44935123 10.3404428   9.98794351
  9.2064797  10.87119972 10.16503593  9.88980704 10.06900587  9.21378587
 10.45770936 10.60756116 10.45983274  9.60298726 10.48499198 10.48864166
 10.9042342   9.9862512  10.45209375  9.70217733  9.35591529 10.22971235
  9.8016496  10.72190089 10.26333659 10.82797428  9.03007042 10.11374748
  9.49996288 10.83291878  9.85893593  9.64851515  9.93916898 10.24755679
 10.69797374  9.60753519 10.65787073 10.87314106 10.67576028  9.27122201
  9.07401961  9.63371441  9.6334017   9.5346087  10.4213019  10.78274305
  9.42137681 10.73833801 10.21025949 10.88064698 10.14172171  9.31417328
  9.59694413 10.52749075  9.27948339 10.33084195 10.52697936 10.44249021
 10.52714194 10.93400021 10.68293359 10.0351952  10.68077698 10.34376509
  9.52246703 10.65535617 10.80727187 10.19929703  9.7939536  10.43255356
  9.19722155 10.15952307  9.59678369 10.94596575  9.8324678  10.01333282
 10.31826695  9.13496619 10.6772571  10.76760828  9.79740436  9.72202633
 10.09154298  9.91690773 10.381585   10.6076468   9.47322989 10.59717187
  9.99065542  9.76860846 10.48814325  9.03130086  9.79079208 10.14467507
 10.70048267 10.27021634  9.62260009 10.65263156 10.41107259  9.0762569
 10.55296864  9.5779073  10.64343744  9.35617712  9.24916176 10.38384567
  9.90625917 10.43618974  9.86485372  9.7510003  10.98264996  9.92225174
  9.45217729 10.20166891 10.25861837  9.80308785 10.42219417  9.99667471
 10.95424735  9.24443839 10.90459475  9.965576   10.34961042  9.34827784
  9.75435741 10.00437265 10.65143354  9.70905913  9.35344592 10.20078661
 10.9053447   9.3527182  10.95512742 10.00461998  9.00429902 10.454657
  9.21947907 10.10464244  9.68439383 10.26801661  9.50299674 10.79634305
  9.15383825  9.61887161 10.29761572 10.02740951  9.98420922  9.70904126
 10.28477705 10.28918507 10.19566049  9.06573183  9.47963155 10.87850724
  9.27323474 10.54644521 10.24619302 10.67048563 10.35311293 10.34954089
 10.24443822 10.4049762  10.61981989 10.85664888  9.83458708 10.99186493
 10.28497073  9.22541488  9.71738134  9.54313307  9.83844082 10.57984582
  9.77468042 10.30910852  9.20768408  9.15938432  9.23359053  9.39181145
 10.89995109 10.41363331 10.73111206  9.5108263   9.42393725 10.71212137
 10.38909464 10.70231692 10.44781217 10.58942403 10.21552659 10.99978696
  9.81378144 10.44196784 10.0168557   9.48788655 10.07849887  9.52638872
  9.16318551  9.44774413 10.34216319 10.0199167   9.81915322 10.36874962
 10.79898133  9.37137054 10.94179802 10.98300432  9.28277481  9.28672442
 10.55435515 10.71271944 10.37692772  9.29327311 10.41433168 10.10648639
 10.80279703  9.53210303 10.93311407 10.18771298  9.25102458 10.40399525
  9.73452769  9.26434997 10.65009132  9.3390185  10.6355565  10.82527081
  9.36540608 10.89341797  9.89429718 10.79633465 10.60566678  9.70522399
  9.97262956  9.4580988  10.41103007 10.08691031 10.01388828  9.83174974
 10.09481514 10.54629637  9.2218509  10.18840162  9.8982665  10.47067229
  9.75767341 10.75130553  9.21582264  9.41289255  9.28326239 10.0905157
 10.64186666 10.9327344  10.04998609 10.25674527  9.04487152  9.43449004
 10.36482919  9.79392364  9.58770053  9.18576566 10.6949981   9.62570275
 10.98012285  9.51655805 10.21303195 10.71545051  9.60974906 10.22843637
 10.6358155   9.78885117 10.70277868  9.71302822 10.47091852 10.10473756
 10.24200729  9.27578101  9.80241358  9.88745706 10.35700895 10.16052996
  9.00079775  9.40234672  9.91032464 10.55672951  9.11939214  9.16236574
 10.14215917  9.67019037 10.9278089   9.41737406 10.05493291 10.90578051
 10.89243871  9.17770989  9.34438038  9.41109402  9.44055909 10.97395867
 10.63288377  9.84090627 10.77642624 10.68475572  9.87725963  9.66185111
 10.27068565  9.22972363  9.33677703 10.56261059  9.75855407  9.13945132
 10.41898583  9.64101435  9.61034431  9.96479428  9.74339325  9.46087631
  9.10261594  9.08265798  9.97524615  9.60072129  9.68082518 10.67573916
 10.36584814 10.08891691  9.89706032 10.41211584  9.40263209 10.53199506
 10.04822854 10.59817977  9.60037644  9.71608423  9.95094242  9.76846847
 10.9646401   9.23948173  9.9523835  10.19105253  9.93528827 10.91168965
  9.2237734  10.82711891  9.78473172 10.92618976  9.65626507 10.39963387
 10.65864044  9.06702758 10.45023484  9.04010472 10.2595686  10.4648137
  9.28637757  9.67574726  9.67805473  9.21532867 10.11395525 10.60531724
 10.96857603  9.48307192  9.23610538 10.20824299 10.10029382 10.80089355
  9.89440787  9.09326969  9.59363608  9.64087636 10.5724351  10.76629417
  9.56314396  9.55836665  9.25781276 10.29586503  9.91238507  9.76622631
  9.06110488  9.78524949 10.2664389   9.00871165  9.36279545  9.96368866
 10.25511252 10.6083302  10.87166643  9.37589008  9.40733681  9.07065775
 10.65608481 10.50051263 10.05008354 10.49532926 10.8196873  10.90952116
 10.07085153  9.40138308 10.55395425 10.1525614  10.07031444  9.20879215
  9.14275166 10.61668575  9.5513361  10.21579125 10.5472676   9.08601364
  9.2515994  10.99465949 10.06277992 10.67960185  9.40412769 10.64869479
 10.97542938  9.18735912 10.97992667 10.40310464  9.86154695  9.75243231
 10.66960102 10.29847027 10.79477723  9.8734171   9.74496036  9.72610374
 10.18702008  9.8423645   9.69955222  9.37564068 10.38302544  9.79701786
 10.60993277 10.64500681 10.48432892  9.01865019 10.3057888   9.94686008
 10.42434978  9.17438753  9.77162528  9.05211353 10.54840846  9.07532789
 10.37460213 10.8130856  10.94658702  9.7543914   9.43004707 10.79927755
 10.54226226  9.99878372 10.23763956  9.40835852  9.10562941 10.669392
  9.91062961  9.03030142 10.53106305  9.88939162 10.63415678 10.48483909
  9.08063686 10.12777262 10.54284457  9.75212384 10.19666933 10.20694417
 10.94626959 10.06710154  9.09924337  9.60873988 10.22742789  9.88886519
  9.25818612 10.98660185 10.34332126 10.93732295  9.2853172   9.56280323
 10.98155455 10.21456241 10.42376514  9.27341    10.52444896 10.03921471
  9.08543411  9.71790576  9.07695176 10.10113324  9.56808092  9.27502705
  9.9891642  10.74554001 10.92914992 10.16303679 10.71801122 10.93296679
 10.01543221  9.94888411  9.29935096  9.69468559 10.62158486  9.38734485
 10.14403541 10.77811403  9.51347415  9.37636558 10.71744402  9.48040492
 10.42758033 10.48006868 10.64828836  9.71827812  9.51786159  9.3042106
 10.77930605 10.03643789  9.06563977 10.40528607  9.43570048  9.53794513
  9.69859957  9.70508047  9.4931494   9.33052611  9.79559941  9.17644273
 10.12812226 10.81116663  9.2494032   9.74233234 10.13104166 10.81317826
 10.23144311  9.84951216  9.33061744 10.04397803  9.57392586  9.19522262
 10.83407276  9.97893365 10.77593437 10.12416276 10.32703149 10.60474283
  9.94885785 10.36142916 10.05305109 10.85445073  9.36512554 10.52160773
 10.51019767 10.76841114  9.83621828 10.9879843   9.70808583  9.93193522
  9.7870997  10.41802482  9.31369551 10.31231922  9.95777123 10.11632804
  9.12237743  9.88231452  9.61999169  9.65624242  9.63229667 10.99195725
 10.03288316 10.4381073   9.72153739  9.9479542   9.39940048 10.32196651
 10.89811197 10.98620578  9.14681968 10.55155619  9.120526    9.77279873
  9.89275202 10.91012262  9.85521746  9.56466062  9.45754638  9.40308957
  9.70382585 10.23376698 10.9225835  10.09079694  9.62444027  9.44102816
  9.08839351  9.80473373  9.98726407  9.79759105  9.09111736 10.54150096
  9.13897566 10.44322631 10.51150205 10.58556454 10.58603521 10.68217819
  9.33821638  9.25232205 10.04077288  9.98671595  9.79043223  9.18586929
 10.19534312 10.71654195 10.0927204   9.52044338 10.22363667 10.8970315
 10.38640316  9.31330428  9.5304234  10.18778635  9.71463656  9.47230535
 10.62938607  9.06823506 10.22968827  9.72925179 10.13355938 10.36910876
  9.63584541 10.44539562 10.26052431 10.88897293  9.56951775 10.16019441
  9.63681804  9.60599993  9.19450948  9.78720613  9.16065689  9.38958086
  9.79035019  9.69236109  9.31850183  9.34464387