0.88265752 1.205901   0.90588394 1.04119072 0.6009867  1.22175206
 1.38431859 0.81245482 0.82640084 0.94866202 1.32487773 0.7218107
 0.75631198 1.42906163 0.71474528 1.14956196 0.55127294 1.19968014
 1.33024494 1.35439703 1.34142015 0.90891149 0.88898325 0.66527275
 1.49612128 1.05689191 0.52730029 0.76389701 1.36313799 0.84352901
 0.84907457 0.72691991 1.44165559 0.7643316  1.26377289 1.15190874
 0.60081434 0.98518276 1.02881015 0.73329369 0.73344878 1.1055102
 0.71920895 0.8021179  1.21159161 1.11444988 1.22294235 0.90075156
 1.06445226 1.1289228  1.3378882  0.89944884 1.43619026 1.07723514
 0.87236022 0.54167393 0.91273745 1.36817491 0.57762249 0.98570093
 1.22124204 1.45366914 0.87177542 1.15006524 1.19539291 0.64104634
 0.95146409 0.60779177 1.12613686 0.79451189 0.71287538 1.24365467
 1.05923685 0.52601224 0.88810307 0.73293492 0.59520654 0.60376705
 0.94290492 1.48359841 0.504003   0.80582056 1.18957689 1.33452639
 1.19399719 1.22383853 1.24376867 0.69726165 0.59479401 0.66148576
 0.54493207 0.99700764 0.81785309 1.02895746 0.55711662 0.97377614
 0.62507926 1.16311688 1.1461538  1.32012275 1.3747496  0.60386818
 0.91405965 1.4602434  0.87729872 0.76913583 1.17881102 1.32241941
 1.26376757 1.4687792  1.21728207 0.86870909 1.05325137 0.58258281
 1.12113764 0.64044853 0.96572111 0.59843785 1.03370986 1.35114567
 0.65442865 1.04920167 1.17737574 1.04433591 0.61627019 1.14921018
 1.27280839 0.87748231 0.7006401  0.80381608 1.38865956 1.22778085
 1.00315703 1.18657596 0.94646232 1.05943874 0.55748638 0.85094192
 0.79921812 1.1594792  0.96298086 0.50972865 1.18190751 0.92904895
 1.16862065 1.17614267 1.28529447 1.27932402 1.13503992 0.61620534
 1.11501733 1.12636041 1.05865062 0.71024714 0.75938381 0.9347709
 0.87479786 1.30428757 0.68339771 0.97667526 1.35312659 1.08709462
 0.57373686 1.05097819 0.66710936 0.67904034 0.96912268 1.15352789
 0.92342876 0.84052082 1.0541612  1.24405437 0.88403416 1.08419714
 1.09616864 1.36482524 1.48754548 1.01635349 1.4935211  0.73834833
 1.24234859 0.53324602 0.51810895 1.40051571 0.57261178 0.72185112
 0.60352026 0.88838483 0.76728935 0.7352878  1.11783112 0.83765929
 1.16162842 1.30458589 0.50760352 1.10086525 1.41921514 0.74805585
 0.79846852 0.7451918  0.98289248 0.71380007 0.9776517  0.51568997
 0.82444162 1.0543673  1.36811799 1.19677204 1.16505207 1.32330919
 1.05167865 0.85743284 0.67083969 1.39620233 0.50117505 0.56894407
 1.19562149 1.27645316 1.43286588 1.20889033 0.83487161 0.99432179
 1.48336116 1.3015278  0.87543935 0.92076119 1.24180517 0.62235429
 0.54854776 0.84827258 1.34994579 0.92835597 0.54234073 0.76620886
 1.17330762 1.05632792 0.71143476 1.15048307 1.43408425 1.35932568
 1.36750926 1.00305537 0.91947111 0.71718266 0.84748685 0.89577984
 1.08534691 1.25564054 1.42811225 1.27235665 1.4484747  1.36366288
 1.27631977 0.60600462 1.45529294 0.63427688 0.56902243 1.2159516
 1.48109923 1.17249562 0.8922535  1.3609463  1.05305405 1.46588209
 0.84447828 0.73100293 1.39681843 0.55200021 1.27166101 0.5644378
 1.25304513 1.1239696  1.18685785 0.70525834 1.48441884 1.4192967
 0.81856855 0.96147295 1.04622814 0.82502762 0.8275151  0.59288714
 1.08023491 1.47166478 0.60217761 0.69051055 0.95479343 0.74301212
 1.39135131 0.75349571 1.07813422 0.93767054 0.7074623  0.8987191
 1.00053665 0.61787493 1.25490793 0.83663459 1.10533876 1.43443366
 0.84708091 1.48949072 1.20850587 1.17545055 1.30450011 1.26131086
 1.48929573 1.05579291 0.85140951 0.7481373  1.05870566 1.00863646
 1.19118165 0.58175846 0.76962639 1.11023467 0.85098173 1.03846551
 1.32977019 1.17876552 0.67098433 0.67408956 0.92574379 1.39865297
 0.8209972  0.93836504 0.92552378 1.21911935 1.38317957 1.03976044
 1.45200836 1.26034075 1.41365173 1.3195314  1.14115222 0.74739096
 1.42224234 0.50574047 0.55823986 0.806663   1.22952954 1.32259362
 1.44945109 0.77126968 1.40632497 1.05869035 1.10897057 1.07448278
 0.54905502 0.81740342 0.72408756 0.81094921 1.27012699 1.07914714
 1.00555567 1.47157567 1.23441987 1.22501859 0.82920305 1.42368384
 1.25137217 1.05283097 0.82566935 1.32853149 1.03870183 0.60194001
 0.91201693 1.26355701 1.03709922 0.69004238 0.50882422 0.78572859
 1.03279715 0.819502   0.74414029 1.29550612 1.28135583 0.83571144
 1.42813352 1.02684071 1.41566584 0.7274039  0.66372112 1.4921048
 1.32744526 0.81238932 1.09797887 1.24654793 0.92164403 0.84819182
 0.55561939 0.96557013 0.79842387 0.97947812 0.54160683 0.53355554
 1.49973941 0.85847494 0.62940392 1.37813216 0.75005779 0.5021552
 1.15987606 1.32890089 1.42116495 0.55577014 0.55288444 0.61431943
 0.82263373 1.38088355 1.24680843 1.47269805 0.94674738 0.72870417
 0.65211716 0.59531295 1.3042303  0.99406872 0.93042392 1.20516702
 1.14899059 1.20983396 1.00155978 0.65173032 0.89775241 0.67834598
 1.12466356 0.98659344 0.50132386 1.09291242 1.14434996 1.46043816
 1.03879577 0.85205565 1.48218769 1.14265379 0.57030265 0.53222881
 1.05096975 0.61120748 0.79869972 0.57313429 0.71110059 1.01151223
 0.57157642 1.13301899 1.19076859 1.11334121 1.40871079 1.0393855
 1.24041657 0.89611618 1.00676121 0.76710536 1.36627116 0.84065839
 0.73300363 0.53810477 0.69778672 0.53383915 0.82286233 1.10897377
 0.79028611 0.89269758 1.16614867 1.32186355 0.5277492  1.14939073
 0.77918677 0.5945798  1.31268645 0.56013035 1.30255765 1.36910673
 0.69403953 0.72002154 1.12956609 0.7184206  1.43977728 0.52877518
 0.67317011 1.10853119 1.33277238 1.16809737 0.57766438 1.08414927
 1.49991081 0.98531461 1.39677286 0.97658499 0.57136769 1.0127705
 0.86573238 0.54338967 1.47982152 0.60261969 0.52268828 1.31806827
 0.59964987 0.99638039 1.00155985 1.10052074 0.68553798 1.22856701
 1.31406412 0.74368536 0.70666526 1.48987302 0.78024899 0.64346169
 1.19530952 0.90573454 1.43411865 1.29681259 0.58661262 0.51383149
 1.19491502 1.12216129 1.24920767 0.50748039 1.1295076  0.80051753
 1.02910249 1.26030341 0.94320494 1.46085558 1.30548555 0.79346681
 0.80184775 0.61728326 1.18400078 0.85932905 0.82587153 1.21072871
 0.58213095 0.99357868 0.93594936 1.25580477 1.2465816  0.51738685
 1.13997248 1.33473052 0.60626479 0.76672564 0.59882471 1.26006575
 1.08327935 0.86553142 1.35639706 1.09699801 0.70535501 1.06840473
 0.59621368 0.52646193 0.95133647 0.88985261 0.98677962 0.99030126
 0.80082105 0.50354999 0.911285   1.18099016 1.48023052 0.82049064
 0.7359293  1.20552601 1.355447   1.04757675 0.95921794 0.83608939
 0.74127595 1.42244351 1.03646115 1.41531515 1.2259734  1.11892711
 1.0212461  0.75768824 1.2817496  1.00402954 0.73605278 1.24968013
 1.29200805 1.41829456 0.85279259 0.71542004 0.57595588 0.98747342
 1.02798889 0.61618254 1.49925146 1.49572388 0.96011054 0.73502471
 1.47289362 1.05084183 1.38392448 0.65894561 0.56255496 1.19387838
 0.54037763 1.0994485  0.51713446 1.07657691 0.71817921 1.02353124
 0.67737691 0.58216739 0.52953219 0.56763546 0.64370076 0.73092301
 1.24859103 1.00397262 1.45666779 1.01324739 0.89994278 1.02567148
 0.6218537  1.14291686 1.16555552 0.86686617 1.0087309  1.29279501
 1.13642506 0.70924791 0.63685186 0.98316721 0.84398655 1.14523322
 0.65316715 0.80361264 1.07147595 1.07417643 0.89365763 0.55916509
 1.34527461 0.89848788 1.14133913 1.06534037 1.30934797 0.68232445
 1.22574203 1.43018833 0.5627527  1.44915709 0.58627251 1.46187361
 0.60705355 1.19156123 0.68018937 1.07614922 0.56440661 0.69277883
 1.47573092 1.33254213 0.86811026 1.30670131 0.99355537 1.49275062
 0.63042301 0.55993794 0.88620534 1.10964435 0.75828622 0.59469954
 1.4380506  0.82320984 0.84593303 0.59009216 1.3306855  1.2800385
 0.59368423 0.82509932 0.61950772 0.86748835 1.34507428 1.29219449
 1.46093996 1.25547089 0.54522602 0.89782081 1.28839427 1.31566662
 0.97794429 0.8955439  0.93904231 0.63990449 0.9039074  0.73402676
 1.00504504 0.54428679 1.35138573 0.53086654 0.93000219 0.66039324
 1.44799245 1.16945348 0.70608684 0.57770613 1.25792113 1.19518853
 0.7630249  1.43358939 1.03153676 1.21688343 0.97871381 1.28716482
 0.55361331 0.63288133 1.10836412 1.47891089 0.53431141 1.39365494
 0.59223542 1.33685819 0.86672764 0.8661226  0.52907983 0.83693893
 1.30290497 0.65642033 0.9929193  0.93680277 1.10341159 0.94543221
 0.68380574 0.89742102 1.49690945 0.8259632  0.79889912 0.72884249
 1.17474327 0.61524802 1.07858922 0.65788744 0.57258116 1.35798243
 1.2168961  0.93807613 0.87713637 0.88927702 1.45557666 0.67237465
 1.43366096 0.85000971 0.87281901 1.35625963 0.63042224 0.77566307
 0.50673939 1.4768187  1.27859605 1.49512952 1.45871633 0.50335102
 1.39309247 0.6252947  1.29575412 1.06402486 0.72126966 1.27304467
 1.42882903 1.15834004 0.81394802 0.76400473 1.47193316 1.48222511
 1.0050784  0.97069543 1.15249549 1.24110188 0.59167042 1.41623648
 0.65555827 0.93012344 1.17206074 0.69186572 0.91910661 0.58348244
 0.55060647 0.66469657 1.19808985 0.66834957 0.57450546 0.92258566
 1.27743369 0.99604172 1.46658218 0.85123832 1.15936903 1.33804842
 0.94818828 0.52659693 0.75984224 1.16652116 0.62749972 1.13502905
 1.22722687 1.46864318 0.71059867 1.04317332 0.66897939 0.95916941
 0.75720439 1.39635261 0.84494979 1.01009226 0.92619191 0.69654385
 0.69853959 1.36570649 1.39108721 1.32609778 0.85120596 0.78438155
 0.91844425 0.63745269 1.39876744 1.29267218 1.01537501 0.60227453
 1.16940785 1.3657559  1.27924288 0.96183041 0.97201114 1.32242561
 0.9400723  0.67271558 0.74640365 1.32481189 1.24202204 1.07954967
 0.9246303  1.17388943 1.26924587 1.28443818 0.67519014 1.35491775
 1.37386683 0.83879543 1.12547693 1.23338804 1.06039572 1.09632244
 1.49858283 1.18636917 1.08707539 0.84202814 1.31599354 0.58958549
 1.136978   0.86274951 1.26017491 1.2113511  1.11605981 1.04977621
 0.82227902 0.51707377 1.23078349 0.71866539 0.62981094 0.69366462
 0.65898972 0.68577899 0.5703825  1.16302137 1.0230952  1.06669594
 1.27099208 0.89316461 1.24857221 0.71260669 0.85801688 0.93716638
 1.10252236 1.32686758 0.80315068 1.39745819 0.70416262 1.15809252
 1.47759731 0.58637004 1.06581146 1.1185333  0.78199058 0.780309
 1.41169622 1.32676441 1.37712997 1.34320494 0.5561004  1.00065814
 0.70113651 0.84252118 0.50019685 1.07463069 1.41529498 0.79797133
 1.22485517 0.73723586 0.9610894  0.63938763 0.70254331 1.46542981
 0.80539948 1.00891979 1.11710562 0.95503283 1.44759371 0.82124987
 0.67670564 0.63491057 1.06995265 1.49427222 0.64991737 1.18583666
 0.867542   1.39814378 1.16636814 0.70772226 0.84960336 0.79278728
 0.56845851 1.44081997 1.32171963 0.91795859 1.38815523 1.48023524
 0.89765312 0.87301751 0.68079224 1.19459215 1.42008378 1.14059749
 0.62611075 0.77160135 0.50885581 1.43892523 1.19733389 0.67591885
 0.98861382 1.02952203 0.81678007 0.53559773 1.47619717 0.81860561
 1.31093171 0.96639946 0.55630937 1.46567434 1.26171903 1.26563109
 0.5819071  1.01401025 0.7543128  0.93160296 1.35900984 1.07503418
 1.13421039 0.93824629 1.28021129 0.61957487 0.88659047 1.40371018
 0.78359458 0.82710983 1.43300268 1.3193587  1.23262564 1.43933957
 0.52344415 0.6264411  1.48710025 1.20236962 1.47476284 0.75774684
 0.7572894  1.01925969 0.5689586  0.74439083 0.8820024  0.52262436
 1.05812434 0.69830677 1.00205242 1.20148887 1.00745239 1.01807594
 1.44809564 0.74334287 1.18301895 0.98186304 0.52996525 0.52748827
 0.76856312 0.70938481 1.31052924 0.91176649