2.86398720e+00 4.93670964e+00 8.82610561e+00 1.34132982e+00
 5.89704786e-01 1.96901996e+01 1.77138253e-01 1.11490370e+01
 3.88639670e+00 2.64327592e+01 5.78428322e-01 2.47858813e+00
 9.05481382e+00 9.34074715e+00 1.30235931e+01 1.90467138e+01
 9.67182093e+00 9.24526544e+01 4.18313833e+00 1.18321246e+01
 2.95710339e+00 1.58335930e+01 2.24924904e-01 7.68619988e+00
 1.09100363e+01 1.20906574e+00 1.56865499e+01 2.03414572e+01
 5.11784800e+00 1.20473091e+01 7.47500969e+00 3.06105162e+01
 1.28472216e+01 2.33675050e+01 5.07880924e+01 5.12191612e+00
 1.87865292e+01 2.74382528e+01 6.98467345e-01 1.13184059e+01
 6.32173202e+00 3.48405443e+01 2.58066549e+01 4.18791853e+00
 3.04131911e+01 8.96988735e-01 7.08666400e-01 1.36500316e+01
 9.15925815e+00 2.62881404e+01 3.77399921e+01 1.91762233e+01
 1.27239661e+01 4.73751912e+00 2.54289939e+01 3.14124589e+01
 1.07342240e+01 3.18116520e+00 1.70219530e+01 9.25276937e+00
 2.58243354e-01 1.65230521e+01 1.48230724e+01 4.55429530e+00
 1.29087652e+00 3.90409887e+00 2.93105225e+01 1.93231325e+00
 4.15758079e+00 1.77524420e+01 1.03337921e+01 2.20010824e+01
 7.08549230e-01 2.77448639e+00 8.09529745e+01 1.76386912e+01
 7.73244200e+00 1.51369631e+01 8.43529334e-01 9.90544556e-01
 1.07404559e+01 1.82403978e+01 8.63092267e-01 2.82169699e+01
 2.05905810e+01 5.91753908e+00 7.12496359e+00 1.14480802e+00
 2.39224967e+01 6.47968826e+00 1.43848249e-01 5.23731490e+00
 3.68630736e+01 2.95570366e+01 2.27267246e+01 7.38887777e+00
 1.25046843e-01 1.28869340e+01 1.97441848e+01 1.08194027e+01
 1.01372375e+00 9.66892270e+00 1.45242114e+00 1.70694725e+01
 2.56151835e+01 1.42615182e+01 4.22907856e-01 1.13072538e+01
 4.60088182e+00 3.51537928e-02 1.47939377e+01 2.32965352e+01
 5.28220094e+01 5.55893296e+01 1.90540776e+01 2.89004085e+01
 1.37779814e+01 1.14532162e+01 3.67318999e+01 1.01045425e+01
 4.17274822e+00 3.63665673e+00 1.87804900e+00 5.43738192e+00
 2.49159015e+01 2.25399587e-01 1.23672985e+01 2.38022894e+01
 1.70440631e+01 1.30828561e+00 1.98171607e+01 3.80728169e+00
 8.24853714e+00 1.01407623e+00 2.05680789e+01 1.80373846e+01
 4.16001425e+01 1.25222730e+00 1.94564559e+01 3.27807098e+01
 4.74074947e-01 4.46350173e+01 1.25233585e+00 4.39265647e+00
 4.90223643e+01 9.08151064e+00 8.24014648e+00 1.92840550e+01
 3.52621609e+01 1.58670250e+01 2.76208418e+01 2.02302232e+00
 4.03625844e+01 1.02598552e+01 1.07688219e+01 1.33638651e+01
 1.64722889e+01 2.27790867e+01 3.21953677e+00 5.26333614e+01
 2.61519161e+01 2.59696171e+01 2.02708374e+01 2.39888902e+01
 7.18825250e+00 4.04698503e+01 3.89292756e+01 1.51371528e+01
 6.75664660e+00 9.86943314e+00 8.26632778e+00 1.76260918e-01
 2.88303895e+01 9.40170516e-02 4.30972378e+01 1.34990351e+01
 1.32596092e+01 8.36154478e+00 1.89553699e+00 1.97978682e+01
 5.23319728e+00 8.87792709e+00 1.41263388e+01 1.44706017e+01
 6.75089905e+00 5.06258817e+00 5.50158114e+00 1.37379049e+01
 4.31981340e+00 2.97154733e+01 5.36476168e+00 2.60081237e+00
 7.62493996e+00 1.11225221e+01 1.24079276e+01 1.11142826e+01
 3.23977866e+01 1.69148587e+01 1.99324445e+01 1.61050223e+01
 1.03444750e+01 1.39717144e+00 3.27288274e+00 9.07074875e+00
 2.46181966e+00 6.90148903e-01 1.44028309e+00 4.47625693e+00
 6.31867513e+00 1.62543070e+01 1.64864912e+01 3.70038152e+01
 1.00039279e+00 1.05188387e+01 1.38531133e+01 1.95898638e+01
 8.07325946e+00 5.33787118e+01 6.70855807e-01 1.80604974e+01
 2.21124392e+01 6.36845638e+01 2.59858620e+00 2.28409346e+01
 6.28300977e+00 3.71721859e+01 1.49561049e+00 2.15625496e+01
 3.85127890e+01 1.56292586e+01 2.27510300e+01 8.12922967e+00
 6.82376437e+01 3.76819268e+00 6.19256819e+00 3.19981888e+01
 3.68299253e+01 8.07310102e+00 9.02246038e+00 1.45918121e+01
 3.21819001e+00 2.03375826e+01 4.37774114e+00 4.25174241e+00
 6.94298005e+00 1.69722648e+01 2.53741784e+01 2.01739350e+01
 1.54042403e+01 1.35717839e+00 4.42485364e+00 1.44666946e+01
 5.22764028e-01 4.10127967e+00 8.05253332e+00 1.85001634e+01
 1.33067546e+01 2.89753934e+00 5.79565007e+00 3.19682357e+00
 1.60651073e+01 3.37893971e+00 7.32090699e+00 6.34158325e+00
 3.56334863e+01 1.29970289e-01 5.13215018e+00 1.24849033e+01
 1.78910213e+01 7.29895737e+00 1.94048930e+01 2.90093663e+01
 1.80459697e+01 1.35312060e+01 5.16067428e+00 8.09145475e+00
 4.51297800e+01 9.66560589e+00 2.04496479e+01 6.92321842e-01
 1.44090520e+00 1.75883846e+01 7.51139630e+01 1.62198381e+00
 6.65592722e+01 4.03977225e+01 8.05974449e+00 6.22128632e+00
 1.90492895e+00 9.09354946e+00 1.32095925e+01 1.08561138e+01
 5.62386121e+00 6.16585009e+00 1.46019010e+01 5.08927115e+01
 6.23992376e+00 1.58227384e+01 8.10984062e+00 3.31657014e-01
 5.69593484e+00 1.05260841e+01 2.72057558e+01 1.69096109e+01
 2.14422909e+01 1.21347032e+01 1.62567748e+01 9.88299659e-02
 5.54269085e+01 3.92699741e+00 2.06172751e+01 2.27183733e+01
 1.08767587e+01 2.88354797e+01 3.81643614e-01 4.09098919e+00
 2.24950824e+01 1.29181432e+01 1.98416707e+01 2.75225609e+01
 4.85733797e+00 5.10715818e+00 6.58743519e+00 7.62843984e+00
 6.94431281e-01 4.16587067e+00 1.19366771e+01 5.00934663e+01
 7.05738991e+00 6.37930659e+00 1.74052225e+00 4.52951035e+01
 3.47644633e+01 2.02234437e+01 5.64296986e+00 1.62165401e+01
 9.93724833e+00 7.52024779e+00 4.25959188e+00 2.00781685e+00
 1.48165290e+01 3.66522159e+01 2.42872767e-01 1.66731024e+00
 3.04983551e+00 9.00849824e+00 1.27783700e+01 9.00771161e+00
 1.04885662e+01 3.28652947e+00 3.26115712e+00 2.03012038e+01
 1.89815495e+01 1.28429904e+01 9.28903753e+00 2.97811710e+01
 2.77025756e+01 1.79070816e+00 2.72259170e+01 7.70219390e+00
 3.66956695e+00 3.20382350e+01 2.43210192e+00 5.61846402e-01
 1.80909950e+01 7.69306249e+01 1.48023952e+01 2.50775918e+01
 9.10032536e+00 8.19359540e+00 2.01003157e+01 1.33653656e+00
 4.81061045e+00 1.95221339e+01 3.19498373e+00 1.27526413e+01
 2.16956729e+01 1.22098600e+01 1.85472186e+01 9.68224949e+00
 1.86740812e+01 4.56362506e+00 3.25819147e+00 4.90986212e+00
 1.06241752e-01 3.95863761e+01 4.09616562e+00 5.13027945e+00
 2.66360836e+01 2.43376505e+00 4.14853492e+01 4.46232461e+01
 2.85886086e+00 9.49713864e+00 1.15070477e+01 5.98027022e-01
 7.71416458e+00 1.20670177e+00 8.65183167e-01 1.21343755e+00
 7.26451602e+00 8.30156988e+01 2.53309911e+00 5.46535984e+00
 2.92384500e+00 1.93285347e+01 6.02646463e+01 1.27439229e+01
 4.59331699e+00 3.81960562e+00 4.88526795e+01 9.01339103e+00
 1.77818689e+00 4.29895836e+00 1.26402424e+01 9.96909431e+00
 3.48455595e+01 2.50794865e+01 9.39880615e+00 3.50059523e+00
 2.37524482e+01 5.80147258e+00 2.49733902e+00 7.64846353e+00
 1.32783852e+01 1.07343833e+01 1.26048502e+01 2.30453233e+01
 7.46430953e+00 1.98600945e+00 6.46858667e+00 4.61991832e+00
 1.68056505e+00 4.92976973e+01 8.14222821e+00 1.60893841e+01
 7.75952645e+00 3.66195739e+01 7.31715607e-01 3.93732013e+00
 1.04588055e+01 2.35962341e+00 9.81879102e+00 8.08139624e+00
 4.38481254e+00 1.10029980e+01 2.29335743e+01 1.42876022e+01
 1.37051850e+01 4.41634523e+01 5.48886458e+00 1.72033012e+00
 9.27996243e-01 3.16087882e+01 1.84242524e+01 1.44268888e+01
 1.54244405e+01 7.42578307e-01 7.32283476e+00 4.87497878e+00
 7.82378717e+00 6.36826783e+00 3.62235547e+00 6.71551970e+00
 2.51849944e+01 3.94041644e+00 3.66590740e+00 4.63340476e+00
 1.76068154e+00 5.28577773e+00 2.87627505e+01 1.35906720e+01
 2.34859630e+00 2.45774683e+01 1.99927248e+01 2.13225617e+01
 1.05985811e+00 1.07514432e+01 4.30911030e+00 2.72427022e+01
 7.83319082e+00 3.91909312e+01 1.05308987e+00 1.63683540e+01
 6.86570667e+00 1.09955888e+01 4.13320586e+00 1.41704877e+01
 1.63657812e+01 3.63241875e+01 4.61944934e+01 2.18656077e+01
 1.30718500e+01 4.31279359e+01 1.16282009e+01 5.29661963e+00
 2.16903182e+01 4.09017739e+00 2.44963135e+01 1.49148414e+01
 1.67235805e+01 2.06327924e+00 2.66322492e+00 2.03262719e+01
 6.49646041e-01 1.08695847e+01 2.17351804e+00 2.40295509e+01
 1.39948628e+01 1.37325149e+01 3.35855447e+01 1.17215145e+01
 2.53474934e+01 1.78778200e+01 1.32506235e+01 1.27374760e+01
 2.66918325e+00 3.10183204e+01 4.50325732e+00 8.69449162e+00
 3.39195880e+00 1.37292468e+01 8.10434921e+00 1.23059520e+00
 2.03211732e+00 3.75201383e+00 4.29616235e+01 1.98651358e+01
 2.61017601e+00 5.50952264e+00 6.07034744e+00 2.03121976e+00
 1.22959695e+00 5.87468375e+00 2.29411481e+01 1.67633757e+00
 2.27247236e+01 1.01120704e+01 2.50891606e+00 2.82041702e+00
 5.83183636e+00 1.39014609e+00 1.68895084e+00 1.36233441e+01
 2.09222694e+01 3.17461206e-01 1.92919056e+01 1.12230176e+01
 1.17190994e+01 8.17778203e-01 7.64466262e+00 9.64707908e+00
 7.08401949e+00 9.45633421e+00 7.17881124e+00 1.13969854e+01
 2.51759356e+01 2.92697424e+01 2.27832280e+01 1.12548157e+01
 1.80305878e+01 3.99715982e+00 1.76746971e+01 1.62065136e+01
 7.85305059e+00 2.54690214e+00 2.72357952e+01 1.45051264e+00
 4.55588020e+01 1.25720851e+00 9.26921634e-01 8.69607820e+00
 7.08838051e+00 5.62061401e-02 3.82375497e+00 2.59539076e+01
 3.94257726e+00 3.08970411e+01 1.27870063e+01 1.01636934e+01
 4.38938669e+01 8.02993570e+00 1.44786258e+01 6.04097825e+01
 5.45799468e+00 2.16905662e+01 3.85571359e+01 3.71589953e+01
 1.01164108e+01 3.32803162e+00 1.16077323e+01 1.14585760e+00
 7.73855843e+00 6.70455050e+00 8.41820013e-01 8.12857592e+00
 3.01711244e+00 8.72343295e+00 8.36079843e+00 1.08281698e+00
 1.97805372e+01 1.82619253e+01 2.23593400e+01 5.63059467e+00
 2.43381818e+01 2.84467842e+01 1.16572061e+01 3.66644270e+00
 8.91486166e+00 1.78476275e+00 1.36674073e+01 5.54145198e+00
 1.34832794e+01 1.71986643e+01 1.59956385e+00 1.37652604e+01
 2.47550445e+01 1.71059339e+01 2.87815116e+01 2.18322274e+00
 9.87354212e+00 3.02252649e+01 5.74348118e-01 6.16183327e+00
 3.07522686e+00 1.17350997e+01 1.80326548e+01 1.10529097e+00
 1.96499208e+01 2.85529604e+01 8.15749201e+00 5.91534281e-01
 1.27721825e+01 1.71773798e+01 1.39367473e+01 2.59313223e+00
 6.18742341e+00 7.89242677e+00 1.19296306e+01 9.57105916e+00
 2.78036215e+01 1.46441915e+01 2.36655127e+01 4.24992864e+00
 2.65053041e+01 2.71910710e+01 4.60023050e+01 2.79237977e+01
 8.48088784e+00 1.31655831e+01 2.25872226e+01 1.01980310e+01
 1.44297568e+01 1.68825490e+00 6.90355263e+00 5.51746834e+00
 1.19633788e+01 7.94191821e+00 5.41036823e+00 1.99636041e+01
 2.75327743e+01 9.47992376e+00 2.13235957e+01 1.57455138e+01
 9.46796092e-01 4.03351412e+01 3.98748009e+00 4.05206356e+01
 5.93613860e+00 8.93642108e+00 9.03352096e+00 4.25716380e+00
 7.47464487e+00 3.96698135e+01 4.11354380e+01 1.31746391e+01
 1.18026739e+01 3.06644457e+00 1.24112935e+01 1.96263409e+01
 1.35377931e+00 1.00981378e+01 3.27634581e+01 1.03058727e+00
 9.11782412e+00 7.53272954e-01 6.48335918e+01 2.83978111e+00
 1.53735911e+01 7.85616403e+00 2.98124189e+01 1.07725983e+01
 3.41084718e+01 3.51799497e-02 2.24446860e+01 4.96207612e+01
 5.50789824e+01 6.78991828e+00 3.13147957e-01 2.51985729e+01
 4.28282487e+01 1.52956654e+01 1.51859878e+01 1.34343211e+01
 7.28722408e+00 2.25213925e+01 8.49295084e+00 1.05913389e+01
 1.96343479e+01 3.72934232e+00 5.38355141e-01 1.71325412e+01
 1.43596293e+01 2.95763585e+00 7.26319428e+00 1.96797114e+00
 1.70616106e+01 4.54730186e+00 2.99161807e+00 1.26755822e+01
 3.93634206e+01 1.81317781e+00 2.27822222e+01 1.72126635e+00
 1.00242447e+01 3.68800165e+00 2.98924611e+00 2.53321037e+01
 1.18849573e+01 2.45441140e+01 3.44554933e+01 2.04616360e+01
 2.15013676e+01 7.86211946e+01 7.01512060e+00 1.81739086e+01
 3.21629983e+01 3.55750426e+00 9.00591499e+00 3.59512588e+01
 5.10717854e+00 4.08553779e+00 5.74827412e+01 3.37898330e+01
 6.65178391e+00 2.24884796e+00 1.04371421e+01 2.08344487e+01
 4.05591109e+01 3.34848746e+01 1.34210718e+00 7.91707368e-01
 3.23441179e+01 1.58874428e+01 1.50931504e+01 2.74610535e+00
 2.35431933e+01 8.81861826e+00 6.30732552e+01 2.72422676e+01
 7.09613329e+00 2.27083750e+01 4.27912619e+00 4.80559214e+01
 1.10461504e+01 7.05178800e+00 3.76195321e+00 1.16911872e+01
 1.63506424e+01 9.10957563e+00 4.18792085e+01 1.45959769e+01
 4.93668189e+00 1.44995343e+00 2.94087625e+01 1.97078782e+01
 1.04063783e+01 2.63718954e+01 2.82442124e+00 5.93737622e+00
 2.90748849e+01 4.01341846e+01 1.88263279e+01 6.14755706e+00
 2.21807043e+00 5.02989069e+01 3.75359323e+01 1.47481644e+00
 2.68103045e+01 4.33406835e+01 4.21222114e+00 3.43092871e+01
 4.53441777e+00 4.38899304e-01 6.34022137e+01 2.58382021e+00
 1.27306646e+01 7.06933454e+00 2.45263617e+01 1.93638764e+01
 3.54573196e+01 1.03904105e+01 5.69501143e-01 5.21476156e+00
 1.49205097e+01 2.70083610e+01 1.08612743e+01 3.05347509e+01
 1.23665560e+01 3.76407643e+00 2.21217740e+01 3.54830027e+00
 1.18488812e+01 8.12064086e+00 1.22120696e+01 1.66293067e+01
 8.98557726e+00 2.46261439e+01 1.40866259e+01 9.40425892e+00
 1.53869657e+00 1.80554682e+00 7.87414106e+00 5.47775162e+00
 1.14357793e+01 1.49787967e+00 4.80351421e+00 2.49868535e+00
 4.56014919e+00 7.80444989e+00 1.90687683e+00 1.25580424e+01
 2.14801727e+01 3.32998295e+01 9.05023838e+00 1.98865097e+01
 2.80002908e+00 1.41205798e+02 3.98193587e+00 1.07048523e+01
 8.25469032e+00 3.55203393e+01 1.15097061e+01 4.38946115e-01
 5.83629485e+00 4.85210954e+00 2.38274857e+01 4.62664886e+01
 1.32239546e+01 1.37573663e+01 1.35391133e+00 3.43163267e+00
 1.40426790e+01 1.85022231e+00 2.04805394e+01 5.56216806e+00
 4.76646722e+00 6.06228929e+01 9.46330556e+00 1.35025034e+01
 1.15205034e+01 1.37622351e+01 1.42702923e+01 1.36854916e-01
 2.77819508e+00 1.45644035e+01 4.97056240e+01 5.46953578e+00
 4.15893164e+01 6.83778817e-01 3.10566351e+01 6.75316179e+00
 3.30902314e-01 2.67837162e+01 8.17969925e+00 9.14523471e+01
 2.03010607e+01 2.10700688e+01 2.39045489e+01 4.86772832e+00
 1.55603243e+01 3.82696251e-01 4.94829774e+00 1.96246026e+01
 3.26839905e+00 2.59182998e+01 2.40230483e+00 1.44626552e+01
 3.91976518e+01 6.74251056e-01 2.53106958e+01 5.21844002e+00
 6.62573017e-01 1.55367067e+00 9.69668589e-01 8.23498229e+00
 2.82707684e+01 7.51058510e+00 9.84405225e-01 8.53491510e+00
 1.15124580e+01 3.54550148e+00 4.83412499e+00 9.67992075e-01
 2.59069586e+01 3.83875381e+01 1.87017381e+01 9.83148774e+00
 2.45915147e+01 1.67616554e+01 3.75341929e+01 6.49162459e+00
 3.92685163e+00 3.19621982e+00 8.24760118e+00 1.86492840e+01
 3.87841855e+01 5.80141366e+00 3.02683915e+00 8.56212981e+00
 2.39780846e+01 5.69468840e+01 4.33570562e+00 1.15345950e+01
 3.32644732e+01 1.63799714e+01 1.16862456e+01 7.75128547e+00
 3.35313366e+00 4.41654769e+01 1.58170201e+01 5.86889163e+01
 1.70210866e+01 1.62977356e+00 1.24227186e+01 1.43018731e+01
 4.15634976e+00 8.45024072e+00 1.29305873e+01 1.20355988e+01
 1.11633251e+01 2.92842053e+01 1.00901902e+01 1.41992166e+01
 1.60409961e+01 2.03702045e+01 1.04055043e+01 4.65450065e+01
 2.75484198e+00 4.13152308e+00 2.78693309e+01 1.76839839e+01
 6.60556146e+01 7.16284117e+00 3.15161272e+01 1.66593927e+01
 4.32456876e+01 6.38250491e+00 2.50858905e+01 7.49375298e+00
 2.97855834e-02 2.25371355e+01 1.22075014e+01 7.02780561e+00
 5.50503607e+00 6.90831619e+00 2.99361549e+01 1.76720858e+01
 7.35969084e+00 2.60375921e+01 1.99853427e+01 3.35090366e+00
 2.17918905e+00 3.43461233e+00 4.14466504e-01 1.35330106e+00
 5.79210581e+01 8.99323385e+00 1.69284247e+01 2.40036176e+00
 8.58833885e+01 2.52048593e+01 1.70872169e+01 7.54393923e-01
 8.00688821e+00 1.68640985e+01 2.31812899e+01 2.09150667e+01
 2.64610313e-01 3.92882727e+01 9.46742741e+00 6.30536531e+00
 7.43655512e-01 3.56299346e+00 1.72598758e+01 1.13593281e+01
 2.26365694e+00 7.58092701e+00 1.68746015e+01 2.41094153e+01