2.81577231 1.88931995 3.15941175 1.72070783 2.12685426 1.32864043
 2.25506659 1.29071197 1.62115803 1.68053802 1.99191006 1.67638001
 2.21333433 1.63201354 1.12728878 2.5122404  1.65352315 1.54975478
 1.52302135 1.85379013 3.28277139 1.27544203 1.87086685 3.17187401
 2.12008951 2.43255964 2.675285   2.60975713 1.56833935 1.85715195
 2.0747734  1.49438339 2.79525289 1.63153106 1.99522753 1.94847005
 1.25919011 1.72068403 2.29603747 1.75872069 2.42016049 1.56783532
 1.71522183 2.81369446 2.95976445 3.48704953 1.94479022 2.42788176
 1.50946474 2.56672037 1.81453038 3.01198134 1.52545693 2.89885909
 1.87176475 3.59674056 2.72265232 2.01139575 2.52840711 2.87517682
 1.76718676 1.55096444 1.9463174  1.63939372 2.8781691  1.33729957
 2.81452395 1.27881482 1.4959227  1.57580896 1.96316244 1.46556038
 3.08346287 1.46187497 1.3540569  2.32639034 1.76250657 2.52722764
 1.64898484 1.72731547 2.97701309 3.5493186  2.12614906 1.85713258
 1.72360053 2.40814329 1.9431673  2.60938939 2.33899028 2.56882774
 1.47910544 1.53155115 3.0366817  2.02082876 1.21375042 2.74106233
 2.07164419 1.71900056 2.31788046 1.05850125 1.50068927 1.10877603
 2.17646406 2.82118697 1.7672417  1.94328356 2.71306538 1.83969102
 2.01837998 2.82659516 3.34766945 1.31238489 2.6661337  3.59055124
 1.896835   2.81908076 2.71381888 3.09640094 1.86468184 1.9409669
 1.58489737 1.91484134 1.84534347 1.85767209 2.98832565 3.03860656
 2.25383583 1.78967373 1.5160987  2.75588363 1.82413807 1.51145577
 2.75298882 1.8528275  1.44891664 3.2930608  2.0732754  3.71997204
 2.60280799 1.26689428 1.52334652 3.13138814 3.43409838 1.67543217
 1.60716471 1.68040631 2.99396665 1.97332126 2.7422708  1.95171649
 1.14560698 1.60310405 2.98835934 3.20186312 3.21834915 1.47226303
 1.26442393 1.37774309 2.32990956 1.53198549 1.79456008 1.69781722
 1.28930054 1.53330514 3.08812742 1.59852844 1.87231064 1.62131525
 1.60006032 2.1407323  1.62970092 2.03193094 2.41110878 1.9413991
 2.66304493 2.92143814 2.66568989 1.54651295 1.77191993 1.88308277
 2.69960384 1.53756755 1.26751954 1.41970274 2.56644692 2.78618034
 2.51419485 1.62254502 2.45241689 1.61759982 2.11318641 2.30842933
 2.00068585 2.71121866 2.89024872 2.7414575  2.39945283 2.30605486
 1.89014009 2.57551991 1.76297728 1.7872219  2.38354681 1.4469818
 2.86025464 2.21414048 3.14781599 2.86328877 1.74519163 2.37849107
 2.48896548 1.9653136  1.52963694 1.21366306 1.3634122  1.60802834
 1.57683898 1.40967131 2.95430916 1.66076484 1.94146112 1.86480205
 1.67189469 1.6357649  1.99508553 3.25737285 1.99787993 2.04746717
 2.41642325 3.62264511 2.83739428 3.23292391 2.03071115 2.23455047
 3.23119655 2.9722112  2.77851706 1.98530851 1.79559896 2.42221603
 2.83795362 1.41393434 2.62591144 1.50049616 3.02740098 1.61552611
 1.51805009 2.01709226 1.93377408 1.97098977 1.56291693 1.90814367
 1.89432648 1.81402103 1.6549625  3.17318356 1.3756057  2.28552682
 3.57832055 1.81954577 1.48483843 2.47539612 2.50646162 1.84680369
 3.65748813 3.49047963 2.35341056 1.86062755 1.50377769 3.31360817
 3.13240227 1.33497825 2.37849888 3.02012096 1.56668669 3.08222132
 1.9966535  2.15609047 2.72087684 1.65855596 1.23384812 2.2801832
 1.54957264 2.95202695 2.53577943 2.82044764 1.33173694 3.03511773
 2.38870953 2.96500822 1.28264428 3.50102298 2.24918389 3.21390325
 2.90512879 1.81606504 2.71887631 1.30855985 2.21298552 1.88608269
 2.17519377 1.73766256 1.64882464 2.80826944 1.36559695 3.78519372
 3.07305657 1.72322484 1.92733887 1.93503014 2.09269752 1.59957646
 1.8759295  1.170723   2.20067049 1.14457122 1.27995064 1.71782048
 3.30566654 3.08273076 1.36913211 1.3599672  1.95924112 1.05422173
 1.83230266 1.97936436 1.4996355  1.80981987 2.72133328 3.26242117
 3.238763   2.40869789 1.34428618 1.61804436 2.23264692 1.49713627
 2.35180107 2.09775799 1.64611169 3.62688055 2.65350331 3.4686236
 3.45332204 1.82666485 2.63942069 1.71401788 1.94196184 2.28067052
 1.55270317 1.54202843 1.98914543 3.47060638 2.54852133 2.87028342
 1.81481059 2.6750044  3.84170312 2.88148792 3.01028724 2.2330108
 1.67137439 2.10280654 2.54713418 1.7943057  2.10442116 2.6449121
 1.88530288 1.33809707 1.52097171 2.4202248  1.61785051 1.79186168
 1.92081474 3.13301077 2.93395273 2.14003982 1.62684018 1.90003391
 1.28783105 2.48138711 3.14058605 2.20925204 1.52667255 1.89881331
 1.59478635 3.44196645 1.78134071 2.40920777 1.76925884 1.32240382
 2.04085455 2.76666563 1.45700921 2.54064488 2.98563734 1.88623441
 1.52781748 2.31919814 1.70657634 1.88832634 1.97646772 2.07931351
 2.93079922 1.90857236 1.85092655 2.48035599 1.46066503 2.35420417
 2.46398181 1.81861767 3.48996572 1.84115539 1.5388465  1.87417976
 1.50513059 2.09527437 2.98029332 3.03219575 1.93031066 2.47081391
 2.22764044 2.6213211  2.79557867 2.58377301 1.35450539 2.44873021
 2.31861321 1.9792756  1.46225368 3.24921569 1.53530044 2.71521525
 1.90603668 2.29177619 1.52625198 2.55700748 1.79193191 1.68668349
 3.40130243 2.36401554 2.54272563 1.37341621 2.81697813 2.3727948
 2.01295994 1.59465152 2.11425896 2.04439299 3.72779937 2.15257982
 1.8645469  3.20105839 1.74660625 2.84339469 2.23150073 1.29457278
 1.44734532 3.03112376 1.8957475  2.13162371 1.24423536 1.93279346
 1.89414334 3.49076314 1.78873882 1.52871232 1.53815216 3.71063216
 1.53126378 1.61118116 1.75542675 2.08905651 2.22939111 2.29767075
 1.64710057 2.00718294 1.66979167 2.00322245 2.58540846 2.23141317
 1.59728978 2.00846703 1.46255503 2.88216345 1.59707542 2.51681353
 2.64901901 1.99711061 1.96140562 2.54154959 3.11714067 1.51123359
 2.75719973 1.8869246  2.07723574 1.51208492 2.15577992 1.45336457
 1.66605834 3.22098391 1.42981569 1.79377188 3.8998859  2.70308619
 3.10211624 2.38959171 1.65371899 2.728291   2.49584559 2.83387572
 1.96516651 2.59461953 1.74285773 1.96316363 2.02057398 2.98275052
 1.4925681  2.64577841 3.37547264 2.53675383 1.73315352 3.47853043
 3.30472888 1.90095705 1.58083767 2.59218267 1.13380521 2.34866686
 2.36556144 2.02123652 1.13851385 2.54356054 1.32539135 1.85019902
 2.05876548 1.3776466  1.40135125 1.57365774 1.61542664 1.70331158
 1.06669315 1.55022984 2.64581351 1.61358809 2.88145842 1.42020494
 2.14652869 1.48617509 2.65845929 1.6727053  2.49297282 1.91422084
 2.27697328 2.25657596 2.28586977 1.60259753 3.21564303 2.45641989
 2.38280414 1.84622413 2.7475905  1.62055935 1.36885463 2.0575944
 1.33593407 2.59568801 2.630074   1.47989805 1.87991872 2.07270345
 1.85351269 2.21128853 2.71536464 1.86737685 3.09833014 1.51834387
 1.93403951 1.38712196 2.40037011 1.3810349  1.16991091 2.26625957
 1.66218058 1.44164599 1.59027145 1.71572779 2.62258086 1.46487426
 1.74089439 3.39932906 1.58933346 2.8768744  1.49503682 2.8451799
 1.50582474 2.3016059  2.25355378 1.26433618 2.96795778 2.49837971
 1.5667032  1.72182422 2.10586787 1.72194009 1.52835286 1.29056418
 1.87951893 1.50685652 1.62693478 3.33392729 2.10276258 1.40909766
 3.85681168 3.09961645 2.83738997 2.84837593 1.56477743 1.69646242
 2.54198041 1.46056135 1.31328027 1.98510134 1.54744893 1.87808753
 2.50277114 3.59578004 2.66796071 1.57622558 2.44067798 1.45565297
 2.19787908 1.25323248 1.53897679 3.38719215 1.76584415 1.54806145
 2.64871978 2.29406202 1.62707391 2.72097762 1.86667966 2.39621247
 1.47233815 3.16940595 2.14157126 2.3903186  1.44468946 2.82062746
 2.19011977 1.50486441 2.31153752 1.70263747 1.91534186 1.21840852
 1.52449567 2.67789069 1.37073827 3.76891495 1.42117591 1.52601261
 3.26951723 2.07997882 3.25157593 1.268408   1.46448072 2.6539538
 2.00031571 1.41210009 2.1955133  2.90640743 1.37946951 2.90066173
 1.98495969 1.44464283 2.00476001 1.57523744 3.11627109 2.08863863
 1.65144607 1.47515982 1.47196548 1.4269957  2.92097717 2.09331343
 2.01422834 3.3453188  1.95178898 2.6048355  3.28258625 1.25859375
 2.46932364 2.04937834 1.6234734  1.381925   3.42278731 1.38298529
 1.17731491 3.07256924 2.8043435  1.9100808  2.95267916 1.91229508
 1.90617685 2.26345309 1.55603655 1.8957774  1.97973228 2.12586157
 1.59315762 1.4534512  3.0320576  3.00557949 2.95085505 3.05137536
 2.15051154 1.32323131 1.09693842 1.47497812 2.07524833 3.33386236
 2.31220894 1.48115529 1.67696571 2.8455588  1.53340297 2.03462484
 2.39053984 1.67076265 3.09789442 1.56483659 2.49705644 1.65703836
 2.33351858 1.09035475 3.16235549 1.98412285 1.16286075 2.15364054
 2.45089428 2.53380591 1.45759585 3.47326835 1.76606971 1.64084638
 3.29994209 2.03285808 2.3002878  1.33354409 1.2101398  1.54867102
 1.4884328  1.1167305  1.83381962 2.57418281 2.5283162  3.663658
 2.10649704 1.20560438 2.31302578 2.85912049 1.79432136 1.40078526
 1.64935374 3.27703413 1.49755773 2.18859601 3.10521744 3.44466523
 1.96957511 1.52106691 2.65313827 2.48471536 2.49125935 3.37422948
 1.51628188 1.2711628  2.06331896 2.82344943 1.261927   1.19041256
 1.37797909 1.22834721 2.43637128 2.06613635 1.41928605 1.33972536
 2.74119288 3.48181241 2.31107942 2.30319096 2.96466845 2.42660175
 1.51840788 1.50907797 3.61311602 1.93860085 3.21504278 2.8624644
 2.27329256 2.14167287 1.47938304 1.71963303 2.71555545 2.9973722
 2.6699056  2.74094067 2.53826386 2.51612687 3.60542077 2.94056548
 1.61914404 3.09435617 3.79924765 1.88834952 2.45805987 1.72882052
 1.18803475 1.74024449 1.83823451 2.26712147 1.79971122 3.03816945
 2.27506264 1.35305431 1.25287001 2.74894447 2.24590081 1.4332618
 1.50337897 1.97925375 3.63160346 1.84466611 2.9131014  2.10027198
 2.53699708 3.04210411 3.08141293 1.34038653 2.38518687 3.30913331
 2.29380639 3.37914084 3.08157425 1.95424674 1.50086994 3.74463524
 2.01815983 1.94415872 1.53261644 3.71384604 3.5262093  2.37199237
 2.63516499 2.45713407 2.19192495 2.05027903 1.18251476 1.86546143
 3.64000412 2.09401479 3.59908835 2.22665241 2.58649525 1.51707492
 1.25161085 1.64718685 1.946151   1.66974999 1.87505681 2.70495566
 2.38359927 1.56780977 1.83820682 1.4481424  1.77643999 3.17610811
 2.20219623 1.24909896 3.09180138 1.69900339 3.23225337 2.87387912
 3.10177902 1.43651917 2.93960889 3.40238151 2.00679239 3.29041002
 2.08051007 1.45050288 1.81135813 1.69235656 2.96240077 2.70034406
 1.86243717 3.32402791 1.90262595 1.50140036 2.61726195 1.75652805
 2.06531904 2.55458417 2.46084219 1.80160389 3.44555055 1.41625681
 3.31435786 3.46454225 2.853573   1.30517387 1.79079414 2.03247218
 1.71351733 3.22881834 1.7187277  1.55369497 2.7458683  1.5637728
 1.94926593 2.67044599 1.19477031 1.49822704 2.55753528 1.42796249
 1.9287306  2.31414589 2.93842688 1.53632798 1.80992863 1.42220765
 1.57339872 2.63656981 3.517206   1.51491598 1.74182586 2.49844215
 2.52947332 1.53152687 1.4153543  1.82942    2.13060299 2.17870313
 2.6679279  2.50123212 2.21330642 1.90984891 2.75008754 1.37532306
 1.42383949 1.54766107 2.47768811 1.87071588 3.83480408 1.6173689
 3.23656222 1.5646889  2.22789227 2.41951219 3.2496574  2.36625391
 1.43340352 1.08805116 1.43066903 2.58033153 2.64334605 2.34249173
 1.52923583 1.1450359  2.14446334 2.67382717 1.9739971  1.41378815
 2.32964934 1.8120895  3.02391494 3.72357989 2.4066486  1.4065763
 2.81118999 2.34586739 2.13373969 1.32242129 2.86914642 2.32209298
 3.28511438 1.37451719 2.93644603 2.6842078  1.51894836 1.97739584
 2.18257247 1.30211056 1.07151326 1.47613346 2.40931618 2.13510203
 1.75409321 2.60039666 2.7520312  2.57214741